0.0000 0.5000 0.2000 -0.4330 -0.2500 0.2000 0.4330 -0.2500 0.2000
0.0000 0.5000 0.2000 -0.4330 -0.2500 0.2000 0.4330 -0.2500 0.2000
0.0000 0.5000 0.2000 -0.4330 -0.2500 0.2000 0.4330 -0.2500 0.2000
0.0000 0.5000 0.2000 -0.4330 -0.2500 0.2000 0.4330 -0.2500 0.2000
0.0000 0.5000 0.2000 -0.4330 -0.2500 0.2000 0.4330 -0.2500 0.2000
0.0000 0.5000 0.2000 -0.4330 -0.2500 0.2000 0.4330 -0.2500 0.2000
0.0000 0.5000 0.2000 -0.4330 -0.2500 0.2000 0.4330 -0.2500 0.2000
0.0000 0.5000 0.2000 -0.4330 -0.2500 0.2000 0.4330 -0.2500 0.2000
0.0000 0.5000 0.2000 -0.4330 -0.2500 0.2000 0.4330 -0.2500 0.2000
0.0000 0.5000 0.2000 -0.4330 -0.2500 0.2000 0.4330 -0.2500 0.2000
0.0000 0.5000 0.2000 -0.4330 -0.2500 0.2000 0.4330 -0.2500 0.2000
0.0000 0.5000 0.2000 -0.4330 -0.2500 0.2000 0.4330 -0.2500 0.2000
0.0000 0.5000 0.2000 -0.4330 -0.2500 0.2000 0.4330 -0.2500 0.2000
0.0000 0.5000 0.2000 -0.4330 -0.2500 0.2000 0.4330 -0.2500 0.2000
0.0000 0.5000 0.2000 -0.4330 -0.2500 0.2000 0.4330 -0.2500 0.2000
0.0000 0.5000 0.2000 -0.4330 -0.2500 0.2000 0.4330 -0.2500 0.2000
0.0000 0.5000 0.2000 -0.4330 -0.2500 0.2000 0.4330 -0.2500 0.2000
0.0000 0.5000 0.2000 -0.4330 -0.2500 0.2000 0.4330 -0.2500 0.2000
0.0000 0.5000 0.2000 -0.4330 -0.2500 0.2000 0.4330 -0.2500 0.2000
0.0000 0.5000 0.2000 -0.4330 -0.2500 0.2000 0.4330 -0.2500 0.2000
0.0000 0.5000 0.2000 -0.4330 -0.2500 0.2000 0.4330 -0.2500 0.2000
0.0000 0.5000 0.2000 -0.4330 -0.2500 0.2000 0.4330 -0.2500 0.2000
0.0000 0.5000 0.2000 -0.4330 -0.2500 0.2000 0.4330 -0.2500 0.2000
0.0000 0.5000 0.2000 -0.4330 -0.2500 0.2000 0.4330 -0.2500 0.2000
0.0000 0.5000 0.2000 -0.4330 -0.2500 0.2000 0.4330 -0.2500 0.2000
0.0000 0.5000 0.2000 -0.4330 -0.2500 0.2000 0.4330 -0.2500 0.2000
0.0000 0.5000 0.2000 -0.4330 -0.2500 0.2000 0.4330 -0.2500 0.2000
0.0000 0.5000 0.2000 -0.4330 -0.2500 0.2000 0.4330 -0.2500 0.2000
0.0000 0.5000 0.2000 -0.4330 -0.2500 0.2000 0.4330 -0.2500 0.2000
0.0000 0.5000 0.2000 -0.4330 -0.2500 0.2000 0.4330 -0.2500 0.2000
0.0000 0.5000 0.2000 -0.4330 -0.2500 0.2000 0.4330 -0.2500 0.2000
0.0000 0.5000 0.2000 -0.4330 -0.2500 0.2000 0.4330 -0.2500 0.2000
0.0000 0.5000 0.2000 -0.4330 -0.2500 0.2000 0.4330 -0.2500 0.2000
0.0000 0.5000 0.2000 -0.4330 -0.2500 0.2000 0.4330 -0.2500 0.2000
0.0000 0.5000 0.2000 -0.4330 -0.2500 0.2000 0.4330 -0.2500 0.2000
0.0000 0.5000 0.2000 -0.4330 -0.2500 0.2000 0.4330 -0.2500 0.2000
0.0000 0.5000 0.2000 -0.4330 -0.2500 0.2000 0.4330 -0.2500 0.2000
0.0000 0.5000 0.2000 -0.4330 -0.2500 0.2000 0.4330 -0.2500 0.2000
0.0000 0.5000 0.2000 -0.4330 -0.2500 0.2000 0.4330 -0.2500 0.2000
0.0000 0.5000 0.2000 -0.4330 -0.2500 0.2000 0.4330 -0.2500 0.2000
0.0000 0.5000 0.2000 -0.4330 -0.2500 0.2000 0.4330 -0.2500 0.2000
0.0000 0.5000 0.2000 -0.4330 -0.2500 0.2000 0.4330 -0.2500 0.2000
0.0000 0.5000 0.2000 -0.4330 -0.2500 0.2000 0.4330 -0.2500 0.2000
0.0000 0.5000 0.2000 -0.4330 -0.2500 0.2000 0.4330 -0.2500 0.2000
0.0000 0.5000 0.2000 -0.4330 -0.2500 0.2000 0.4330 -0.2500 0.2000
0.0000 0.5000 0.2000 -0.4330 -0.2500 0.2000 0.4330 -0.2500 0.2000
0.0000 0.5000 0.2000 -0.4330 -0.2500 0.2000 0.4330 -0.2500 0.2000
0.0000 0.5000 0.2000 -0.4330 -0.2500 0.2000 0.4330 -0.2500 0.2000
0.0000 0.5000 0.2000 -0.4330 -0.2500 0.2000 0.4330 -0.2500 0.2000
0.0000 0.5000 0.2000 -0.4330 -0.2500 0.2000 0.4330 -0.2500 0.2000
0.0000 0.5000 0.2000 -0.4330 -0.2500 0.2000 0.4330 -0.2500 0.2000
0.0000 0.5000 0.2000 -0.4330 -0.2500 0.2000 0.4330 -0.2500 0.2000
0.0000 0.5000 0.2000 -0.4330 -0.2500 0.2000 0.4330 -0.2500 0.2000
0.0000 0.5000 0.2000 -0.4330 -0.2500 0.2000 0.4330 -0.2500 0.2000
0.0000 0.5000 0.2000 -0.4330 -0.2500 0.2000 0.4330 -0.2500 0.2000
0.0000 0.5000 0.2000 -0.4330 -0.2500 0.2000 0.4330 -0.2500 0.2000
0.0000 0.5000 0.2000 -0.4330 -0.2500 0.2000 0.4330 -0.2500 0.2000
0.0000 0.5000 0.2000 -0.4330 -0.2500 0.2000 0.4330 -0.2500 0.2000
0.0000 0.5000 0.2000 -0.4330 -0.2500 0.2000 0.4330 -0.2500 0.2000
0.0000 0.5000 0.2000 -0.4330 -0.2500 0.2000 0.4330 -0.2500 0.2000
0.0000 0.5000 0.2000 -0.4330 -0.2500 0.2000 0.4330 -0.2500 0.2000
0.0000 0.5000 0.2000 -0.4330 -0.2500 0.2000 0.4330 -0.2500 0.2000
0.0000 0.5000 0.2000 -0.4330 -0.2500 0.2000 0.4330 -0.2500 0.2000
0.0000 0.5000 0.2000 -0.4330 -0.2500 0.2000 0.4330 -0.2500 0.2000
0.0000 0.5000 0.2000 -0.4330 -0.2500 0.2000 0.4330 -0.2500 0.2000
0.0000 0.5000 0.2000 -0.4330 -0.2500 0.2000 0.4330 -0.2500 0.2000
0.0000 0.5000 0.2000 -0.4330 -0.2500 0.2000 0.4330 -0.2500 0.2000
0.0000 0.5000 0.2000 -0.4330 -0.2500 0.2000 0.4330 -0.2500 0.2000
0.0000 0.5000 0.2000 -0.4330 -0.2500 0.2000 0.4330 -0.2500 0.2000
0.0000 0.5000 0.2000 -0.4330 -0.2500 0.2000 0.4330 -0.2500 0.2000
0.0000 0.5000 0.2000 -0.4330 -0.2500 0.2000 0.4330 -0.2500 0.2000
0.0000 0.5000 0.2000 -0.4330 -0.2500 0.2000 0.4330 -0.2500 0.2000
0.0000 0.5000 0.2000 -0.4330 -0.2500 0.2000 0.4330 -0.2500 0.2000
0.0000 0.5000 0.2000 -0.4330 -0.2500 0.2000 0.4330 -0.2500 0.2000
0.0000 0.5000 0.2000 -0.4330 -0.2500 0.2000 0.4330 -0.2500 0.2000
0.0000 0.5000 0.2000 -0.4330 -0.2500 0.2000 0.4330 -0.2500 0.2000
0.0000 0.5000 0.2000 -0.4330 -0.2500 0.2000 0.4330 -0.2500 0.2000
0.0000 0.5000 0.2000 -0.4330 -0.2500 0.2000 0.4330 -0.2500 0.2000
0.0000 0.5000 0.2000 -0.4330 -0.2500 0.2000 0.4330 -0.2500 0.2000
0.0000 0.5000 0.2000 -0.4330 -0.2500 0.2000 0.4330 -0.2500 0.2000
0.0000 0.5000 0.2000 -0.4330 -0.2500 0.2000 0.4330 -0.2500 0.2000
-0.0100 0.4999 0.2000 -0.4279 -0.2586 0.2000 0.4379 -0.2413 0.2000
-0.0200 0.4996 0.2000 -0.4227 -0.2671 0.2000 0.4427 -0.2325 0.2000
-0.0300 0.4991 0.2000 -0.4172 -0.2755 0.2000 0.4472 -0.2236 0.2000
-0.0400 0.4984 0.2000 -0.4116 -0.2838 0.2000 0.4516 -0.2146 0.2000
-0.0499 0.4975 0.2000 -0.4059 -0.2920 0.2000 0.4558 -0.2055 0.2000
-0.0599 0.4964 0.2000 -0.4000 -0.3000 0.2000 0.4598 -0.1964 0.2000
-0.0698 0.4951 0.2000 -0.3939 -0.3080 0.2000 0.4637 -0.1871 0.2000
-0.0797 0.4936 0.2000 -0.3877 -0.3158 0.2000 0.4673 -0.1778 0.2000
-0.0895 0.4919 0.2000 -0.3813 -0.3235 0.2000 0.4708 -0.1684 0.2000
-0.0993 0.4900 0.2000 -0.3747 -0.3310 0.2000 0.4740 -0.1590 0.2000
-0.1091 0.4879 0.2000 -0.3680 -0.3385 0.2000 0.4771 -0.1495 0.2000
-0.1189 0.4857 0.2000 -0.3612 -0.3458 0.2000 0.4800 -0.1399 0.2000
-0.1285 0.4832 0.2000 -0.3542 -0.3529 0.2000 0.4827 -0.1303 0.2000
-0.1382 0.4805 0.2000 -0.3471 -0.3599 0.2000 0.4852 -0.1206 0.2000
-0.1478 0.4777 0.2000 -0.3398 -0.3668 0.2000 0.4876 -0.1109 0.2000
-0.1573 0.4746 0.2000 -0.3324 -0.3735 0.2000 0.4897 -0.1011 0.2000
-0.1667 0.4714 0.2000 -0.3249 -0.3801 0.2000 0.4916 -0.0913 0.2000
-0.1761 0.4679 0.2000 -0.3172 -0.3865 0.2000 0.4933 -0.0814 0.2000
-0.1855 0.4643 0.2000 -0.3094 -0.3928 0.2000 0.4949 -0.0716 0.2000
-0.1947 0.4605 0.2000 -0.3015 -0.3989 0.2000 0.4962 -0.0616 0.2000
-0.2039 0.4565 0.2000 -0.2934 -0.4048 0.2000 0.4973 -0.0517 0.2000
-0.2130 0.4524 0.2000 -0.2853 -0.4106 0.2000 0.4983 -0.0418 0.2000
-0.2220 0.4480 0.2000 -0.2770 -0.4162 0.2000 0.4990 -0.0318 0.2000
-0.2309 0.4435 0.2000 -0.2686 -0.4217 0.2000 0.4995 -0.0218 0.2000
-0.2397 0.4388 0.2000 -0.2601 -0.4270 0.2000 0.4999 -0.0118 0.2000
-0.2484 0.4339 0.2000 -0.2516 -0.4321 0.2000 0.5000 -0.0018 0.2000
-0.2571 0.4289 0.2000 -0.2429 -0.4371 0.2000 0.4999 0.0082 0.2000
-0.2656 0.4236 0.2000 -0.2341 -0.4418 0.2000 0.4997 0.0182 0.2000
-0.2740 0.4182 0.2000 -0.2252 -0.4464 0.2000 0.4992 0.0282 0.2000
-0.2823 0.4127 0.2000 -0.2162 -0.4508 0.2000 0.4985 0.0382 0.2000
-0.2905 0.4069 0.2000 -0.2072 -0.4551 0.2000 0.4977 0.0481 0.2000
-0.2986 0.4010 0.2000 -0.1980 -0.4591 0.2000 0.4966 0.0581 0.2000
-0.3066 0.3950 0.2000 -0.1888 -0.4630 0.2000 0.4954 0.0680 0.2000
-0.3144 0.3888 0.2000 -0.1795 -0.4667 0.2000 0.4939 0.0779 0.2000
-0.3221 0.3824 0.2000 -0.1701 -0.4702 0.2000 0.4922 0.0877 0.2000
-0.3297 0.3759 0.2000 -0.1607 -0.4735 0.2000 0.4904 0.0976 0.2000
-0.3371 0.3692 0.2000 -0.1512 -0.4766 0.2000 0.4883 0.1074 0.2000
-0.3445 0.3624 0.2000 -0.1416 -0.4795 0.2000 0.4861 0.1171 0.2000
-0.3516 0.3555 0.2000 -0.1320 -0.4823 0.2000 0.4837 0.1268 0.2000
-0.3587 0.3484 0.2000 -0.1223 -0.4848 0.2000 0.4810 0.1364 0.2000
-0.3656 0.3411 0.2000 -0.1126 -0.4872 0.2000 0.4782 0.1460 0.2000
-0.3723 0.3337 0.2000 -0.1029 -0.4893 0.2000 0.4752 0.1556 0.2000
-0.3789 0.3262 0.2000 -0.0931 -0.4913 0.2000 0.4720 0.1650 0.2000
-0.3854 0.3186 0.2000 -0.0832 -0.4930 0.2000 0.4686 0.1745 0.2000
-0.3917 0.3108 0.2000 -0.0733 -0.4946 0.2000 0.4650 0.1838 0.2000
-0.3978 0.3029 0.2000 -0.0634 -0.4960 0.2000 0.4612 0.1931 0.2000
-0.4038 0.2949 0.2000 -0.0535 -0.4971 0.2000 0.4573 0.2022 0.2000
-0.4096 0.2868 0.2000 -0.0435 -0.4981 0.2000 0.4531 0.2113 0.2000
-0.4152 0.2785 0.2000 -0.0336 -0.4989 0.2000 0.4488 0.2204 0.2000
-0.4207 0.2702 0.2000 -0.0236 -0.4994 0.2000 0.4443 0.2293 0.2000
-0.4261 0.2617 0.2000 -0.0136 -0.4998 0.2000 0.4397 0.2381 0.2000
-0.4312 0.2531 0.2000 -0.0036 -0.5000 0.2000 0.4348 0.2469 0.2000
-0.4362 0.2444 0.2000 0.0064 -0.5000 0.2000 0.4298 0.2555 0.2000
-0.4410 0.2357 0.2000 0.0164 -0.4997 0.2000 0.4246 0.2641 0.2000
-0.4456 0.2268 0.2000 0.0264 -0.4993 0.2000 0.4192 0.2725 0.2000
-0.4501 0.2178 0.2000 0.0364 -0.4987 0.2000 0.4137 0.2808 0.2000
-0.4543 0.2088 0.2000 0.0463 -0.4978 0.2000 0.4080 0.2891 0.2000
-0.4584 0.1997 0.2000 0.0563 -0.4968 0.2000 0.4021 0.2972 0.2000
-0.4623 0.1905 0.2000 0.0662 -0.4956 0.2000 0.3961 0.3051 0.2000
-0.4660 0.1812 0.2000 0.0761 -0.4942 0.2000 0.3899 0.3130 0.2000
-0.4695 0.1718 0.2000 0.0860 -0.4926 0.2000 0.3836 0.3207 0.2000
-0.4729 0.1624 0.2000 0.0958 -0.4907 0.2000 0.3771 0.3283 0.2000
-0.4760 0.1529 0.2000 0.1056 -0.4887 0.2000 0.3704 0.3358 0.2000
-0.4790 0.1434 0.2000 0.1154 -0.4865 0.2000 0.3637 0.3432 0.2000
-0.4818 0.1337 0.2000 0.1251 -0.4841 0.2000 0.3567 0.3504 0.2000
-0.4844 0.1241 0.2000 0.1347 -0.4815 0.2000 0.3496 0.3574 0.2000
-0.4867 0.1144 0.2000 0.1443 -0.4787 0.2000 0.3424 0.3643 0.2000
-0.4889 0.1046 0.2000 0.1539 -0.4757 0.2000 0.3351 0.3711 0.2000
-0.4909 0.0948 0.2000 0.1633 -0.4726 0.2000 0.3276 0.3777 0.2000
-0.4927 0.0850 0.2000 0.1728 -0.4692 0.2000 0.3200 0.3842 0.2000
-0.4943 0.0751 0.2000 0.1821 -0.4657 0.2000 0.3122 0.3905 0.2000
-0.4957 0.0652 0.2000 0.1914 -0.4619 0.2000 0.3043 0.3967 0.2000
-0.4969 0.0553 0.2000 0.2006 -0.4580 0.2000 0.2963 0.4027 0.2000
-0.4979 0.0453 0.2000 0.2097 -0.4539 0.2000 0.2882 0.4086 0.2000
-0.4987 0.0354 0.2000 0.2187 -0.4496 0.2000 0.2800 0.4142 0.2000
-0.4994 0.0254 0.2000 0.2277 -0.4451 0.2000 0.2717 0.4198 0.2000
-0.4998 0.0154 0.2000 0.2365 -0.4405 0.2000 0.2632 0.4251 0.2000
-0.5000 0.0054 0.2000 0.2453 -0.4357 0.2000 0.2547 0.4303 0.2000
-0.5000 -0.0046 0.2000 0.2540 -0.4307 0.2000 0.2460 0.4353 0.2000
-0.4998 -0.0146 0.2000 0.2625 -0.4255 0.2000 0.2372 0.4401 0.2000
-0.4994 -0.0246 0.2000 0.2710 -0.4202 0.2000 0.2284 0.4448 0.2000
-0.4988 -0.0346 0.2000 0.2793 -0.4147 0.2000 0.2195 0.4493 0.2000
-0.4980 -0.0445 0.2000 0.2876 -0.4090 0.2000 0.2104 0.4536 0.2000
-0.4970 -0.0545 0.2000 0.2957 -0.4032 0.2000 0.2013 0.4577 0.2000
-0.4958 -0.0644 0.2000 0.3037 -0.3972 0.2000 0.1921 0.4616 0.2000
-0.4944 -0.0743 0.2000 0.3116 -0.3910 0.2000 0.1829 0.4654 0.2000
-0.4929 -0.0842 0.2000 0.3193 -0.3847 0.2000 0.1735 0.4689 0.2000
-0.4911 -0.0940 0.2000 0.3270 -0.3783 0.2000 0.1641 0.4723 0.2000
-0.4891 -0.1038 0.2000 0.3345 -0.3717 0.2000 0.1546 0.4755 0.2000
-0.4869 -0.1136 0.2000 0.3418 -0.3649 0.2000 0.1451 0.4785 0.2000
-0.4846 -0.1233 0.2000 0.3491 -0.3580 0.2000 0.1355 0.4813 0.2000
-0.4820 -0.1330 0.2000 0.3562 -0.3509 0.2000 0.1258 0.4839 0.2000
-0.4792 -0.1426 0.2000 0.3631 -0.3437 0.2000 0.1161 0.4863 0.2000
-0.4763 -0.1522 0.2000 0.3699 -0.3364 0.2000 0.1064 0.4886 0.2000
-0.4732 -0.1616 0.2000 0.3766 -0.3289 0.2000 0.0966 0.4906 0.2000
-0.4698 -0.1711 0.2000 0.3831 -0.3213 0.2000 0.0868 0.4924 0.2000
-0.4663 -0.1804 0.2000 0.3894 -0.3136 0.2000 0.0769 0.4941 0.2000
-0.4626 -0.1897 0.2000 0.3956 -0.3058 0.2000 0.0670 0.4955 0.2000
-0.4587 -0.1989 0.2000 0.4016 -0.2978 0.2000 0.0571 0.4967 0.2000
-0.4546 -0.2081 0.2000 0.4075 -0.2897 0.2000 0.0471 0.4978 0.2000
-0.4504 -0.2171 0.2000 0.4132 -0.2815 0.2000 0.0372 0.4986 0.2000
-0.4460 -0.2261 0.2000 0.4188 -0.2732 0.2000 0.0272 0.4993 0.2000
-0.4414 -0.2350 0.2000 0.4242 -0.2647 0.2000 0.0172 0.4997 0.2000
-0.4366 -0.2437 0.2000 0.4294 -0.2562 0.2000 0.0072 0.4999 0.2000
-0.4316 -0.2524 0.2000 0.4344 -0.2476 0.2000 -0.0028 0.5000 0.2000
-0.4265 -0.2610 0.2000 0.4393 -0.2388 0.2000 -0.0128 0.4998 0.2000
-0.4212 -0.2695 0.2000 0.4440 -0.2300 0.2000 -0.0228 0.4995 0.2000
-0.4157 -0.2778 0.2000 0.4485 -0.2211 0.2000 -0.0328 0.4989 0.2000
-0.4101 -0.2861 0.2000 0.4528 -0.2121 0.2000 -0.0428 0.4982 0.2000
-0.4042 -0.2943 0.2000 0.4570 -0.2030 0.2000 -0.0527 0.4972 0.2000
-0.3983 -0.3023 0.2000 0.4609 -0.1938 0.2000 -0.0626 0.4961 0.2000
-0.3922 -0.3102 0.2000 0.4647 -0.1845 0.2000 -0.0725 0.4947 0.2000
-0.3859 -0.3180 0.2000 0.4683 -0.1752 0.2000 -0.0824 0.4932 0.2000
-0.3794 -0.3256 0.2000 0.4717 -0.1658 0.2000 -0.0923 0.4914 0.2000
-0.3729 -0.3331 0.2000 0.4749 -0.1563 0.2000 -0.1021 0.4895 0.2000
-0.3661 -0.3405 0.2000 0.4780 -0.1468 0.2000 -0.1118 0.4873 0.2000
-0.3592 -0.3478 0.2000 0.4808 -0.1372 0.2000 -0.1216 0.4850 0.2000
-0.3522 -0.3549 0.2000 0.4835 -0.1276 0.2000 -0.1312 0.4825 0.2000
-0.3450 -0.3619 0.2000 0.4859 -0.1179 0.2000 -0.1409 0.4797 0.2000
-0.3377 -0.3687 0.2000 0.4882 -0.1081 0.2000 -0.1504 0.4768 0.2000
-0.3303 -0.3754 0.2000 0.4902 -0.0984 0.2000 -0.1599 0.4737 0.2000
-0.3227 -0.3819 0.2000 0.4921 -0.0885 0.2000 -0.1694 0.4704 0.2000
-0.3150 -0.3883 0.2000 0.4938 -0.0787 0.2000 -0.1788 0.4670 0.2000
-0.3072 -0.3945 0.2000 0.4952 -0.0688 0.2000 -0.1881 0.4633 0.2000
-0.2992 -0.4006 0.2000 0.4965 -0.0589 0.2000 -0.1973 0.4594 0.2000
-0.2912 -0.4065 0.2000 0.4976 -0.0489 0.2000 -0.2064 0.4554 0.2000
-0.2830 -0.4122 0.2000 0.4985 -0.0390 0.2000 -0.2155 0.4512 0.2000
-0.2747 -0.4178 0.2000 0.4992 -0.0290 0.2000 -0.2245 0.4468 0.2000
-0.2663 -0.4232 0.2000 0.4996 -0.0190 0.2000 -0.2334 0.4422 0.2000
-0.2578 -0.4284 0.2000 0.4999 -0.0090 0.2000 -0.2422 0.4374 0.2000
-0.2491 -0.4335 0.2000 0.5000 0.0010 0.2000 -0.2509 0.4325 0.2000
-0.2404 -0.4384 0.2000 0.4999 0.0110 0.2000 -0.2595 0.4274 0.2000
-0.2316 -0.4431 0.2000 0.4996 0.0210 0.2000 -0.2680 0.4221 0.2000
-0.2227 -0.4477 0.2000 0.4990 0.0310 0.2000 -0.2764 0.4167 0.2000
-0.2137 -0.4520 0.2000 0.4983 0.0410 0.2000 -0.2846 0.4111 0.2000
-0.2046 -0.4562 0.2000 0.4974 0.0509 0.2000 -0.2928 0.4053 0.2000
-0.1954 -0.4602 0.2000 0.4963 0.0609 0.2000 -0.3008 0.3994 0.2000
-0.1862 -0.4640 0.2000 0.4950 0.0708 0.2000 -0.3088 0.3933 0.2000
-0.1769 -0.4677 0.2000 0.4935 0.0806 0.2000 -0.3166 0.3870 0.2000
-0.1675 -0.4711 0.2000 0.4917 0.0905 0.2000 -0.3242 0.3806 0.2000
-0.1580 -0.4744 0.2000 0.4898 0.1003 0.2000 -0.3318 0.3740 0.2000
-0.1485 -0.4774 0.2000 0.4877 0.1101 0.2000 -0.3392 0.3673 0.2000
-0.1389 -0.4803 0.2000 0.4854 0.1198 0.2000 -0.3465 0.3605 0.2000
-0.1293 -0.4830 0.2000 0.4829 0.1295 0.2000 -0.3536 0.3535 0.2000
-0.1196 -0.4855 0.2000 0.4802 0.1391 0.2000 -0.3606 0.3463 0.2000
-0.1099 -0.4878 0.2000 0.4774 0.1487 0.2000 -0.3675 0.3391 0.2000
-0.1001 -0.4899 0.2000 0.4743 0.1582 0.2000 -0.3742 0.3316 0.2000
-0.0903 -0.4918 0.2000 0.4710 0.1677 0.2000 -0.3807 0.3241 0.2000
-0.0804 -0.4935 0.2000 0.4676 0.1771 0.2000 -0.3871 0.3164 0.2000
-0.0706 -0.4950 0.2000 0.4640 0.1864 0.2000 -0.3934 0.3086 0.2000
-0.0606 -0.4963 0.2000 0.4601 0.1956 0.2000 -0.3995 0.3007 0.2000
-0.0507 -0.4974 0.2000 0.4561 0.2048 0.2000 -0.4054 0.2926 0.2000
-0.0408 -0.4983 0.2000 0.4519 0.2139 0.2000 -0.4112 0.2845 0.2000
-0.0308 -0.4991 0.2000 0.4476 0.2229 0.2000 -0.4168 0.2762 0.2000
-0.0208 -0.4996 0.2000 0.4430 0.2318 0.2000 -0.4222 0.2678 0.2000
-0.0108 -0.4999 0.2000 0.4383 0.2406 0.2000 -0.4275 0.2593 0.2000
-0.0008 -0.5000 0.2000 0.4334 0.2493 0.2000 -0.4326 0.2507 0.2000
0.0092 -0.4999 0.2000 0.4283 0.2579 0.2000 -0.4375 0.2420 0.2000
0.0192 -0.4996 0.2000 0.4231 0.2664 0.2000 -0.4423 0.2332 0.2000
0.0292 -0.4991 0.2000 0.4177 0.2749 0.2000 -0.4469 0.2243 0.2000
0.0392 -0.4985 0.2000 0.4121 0.2831 0.2000 -0.4513 0.2153 0.2000
0.0491 -0.4976 0.2000 0.4064 0.2913 0.2000 -0.4555 0.2062 0.2000
0.0591 -0.4965 0.2000 0.4004 0.2994 0.2000 -0.4595 0.1971 0.2000
0.0690 -0.4952 0.2000 0.3944 0.3074 0.2000 -0.4634 0.1879 0.2000
0.0789 -0.4937 0.2000 0.3882 0.3152 0.2000 -0.4670 0.1786 0.2000
0.0887 -0.4921 0.2000 0.3818 0.3229 0.2000 -0.4705 0.1692 0.2000
0.0986 -0.4902 0.2000 0.3752 0.3304 0.2000 -0.4738 0.1597 0.2000
0.1083 -0.4881 0.2000 0.3686 0.3379 0.2000 -0.4769 0.1502 0.2000
0.1181 -0.4859 0.2000 0.3617 0.3452 0.2000 -0.4798 0.1407 0.2000
0.1278 -0.4834 0.2000 0.3548 0.3524 0.2000 -0.4825 0.1310 0.2000
0.1374 -0.4807 0.2000 0.3476 0.3594 0.2000 -0.4850 0.1214 0.2000
0.1470 -0.4779 0.2000 0.3404 0.3663 0.2000 -0.4874 0.1116 0.2000
0.1565 -0.4749 0.2000 0.3330 0.3730 0.2000 -0.4895 0.1019 0.2000
0.1660 -0.4716 0.2000 0.3255 0.3796 0.2000 -0.4915 0.0921 0.2000
0.1754 -0.4682 0.2000 0.3178 0.3860 0.2000 -0.4932 0.0822 0.2000
0.1847 -0.4646 0.2000 0.3100 0.3923 0.2000 -0.4947 0.0723 0.2000
0.1940 -0.4608 0.2000 0.3021 0.3984 0.2000 -0.4961 0.0624 0.2000
0.2032 -0.4569 0.2000 0.2941 0.4044 0.2000 -0.4972 0.0525 0.2000
0.2122 -0.4527 0.2000 0.2859 0.4102 0.2000 -0.4982 0.0425 0.2000
0.2213 -0.4484 0.2000 0.2777 0.4158 0.2000 -0.4989 0.0326 0.2000
0.2302 -0.4439 0.2000 0.2693 0.4213 0.2000 -0.4995 0.0226 0.2000
0.2390 -0.4392 0.2000 0.2608 0.4266 0.2000 -0.4998 0.0126 0.2000
0.2477 -0.4343 0.2000 0.2522 0.4317 0.2000 -0.5000 0.0026 0.2000
0.2564 -0.4293 0.2000 0.2436 0.4367 0.2000 -0.4999 -0.0074 0.2000
0.2649 -0.4241 0.2000 0.2348 0.4415 0.2000 -0.4997 -0.0174 0.2000
0.2733 -0.4187 0.2000 0.2259 0.4461 0.2000 -0.4992 -0.0274 0.2000
0.2817 -0.4131 0.2000 0.2169 0.4505 0.2000 -0.4986 -0.0374 0.2000
0.2899 -0.4074 0.2000 0.2079 0.4547 0.2000 -0.4978 -0.0473 0.2000
0.2980 -0.4015 0.2000 0.1987 0.4588 0.2000 -0.4967 -0.0573 0.2000
0.3059 -0.3955 0.2000 0.1895 0.4627 0.2000 -0.4955 -0.0672 0.2000
0.3138 -0.3893 0.2000 0.1802 0.4664 0.2000 -0.4940 -0.0771 0.2000
0.3215 -0.3829 0.2000 0.1709 0.4699 0.2000 -0.4924 -0.0870 0.2000
0.3291 -0.3764 0.2000 0.1614 0.4732 0.2000 -0.4905 -0.0968 0.2000
0.3366 -0.3698 0.2000 0.1520 0.4764 0.2000 -0.4885 -0.1066 0.2000
0.3439 -0.3630 0.2000 0.1424 0.4793 0.2000 -0.4863 -0.1163 0.2000
0.3511 -0.3560 0.2000 0.1328 0.4820 0.2000 -0.4839 -0.1260 0.2000
0.3581 -0.3489 0.2000 0.1231 0.4846 0.2000 -0.4812 -0.1357 0.2000
0.3650 -0.3417 0.2000 0.1134 0.4870 0.2000 -0.4784 -0.1453 0.2000
0.3718 -0.3343 0.2000 0.1036 0.4891 0.2000 -0.4754 -0.1548 0.2000
0.3784 -0.3268 0.2000 0.0938 0.4911 0.2000 -0.4722 -0.1643 0.2000
0.3849 -0.3192 0.2000 0.0840 0.4929 0.2000 -0.4689 -0.1737 0.2000
0.3912 -0.3114 0.2000 0.0741 0.4945 0.2000 -0.4653 -0.1830 0.2000
0.3973 -0.3035 0.2000 0.0642 0.4959 0.2000 -0.4615 -0.1923 0.2000
0.4033 -0.2955 0.2000 0.0543 0.4970 0.2000 -0.4576 -0.2015 0.2000
0.4091 -0.2874 0.2000 0.0443 0.4980 0.2000 -0.4535 -0.2106 0.2000
0.4148 -0.2792 0.2000 0.0344 0.4988 0.2000 -0.4492 -0.2196 0.2000
0.4203 -0.2708 0.2000 0.0244 0.4994 0.2000 -0.4447 -0.2286 0.2000
0.4256 -0.2624 0.2000 0.0144 0.4998 0.2000 -0.4400 -0.2374 0.2000
0.4308 -0.2538 0.2000 0.0044 0.5000 0.2000 -0.4352 -0.2462 0.2000
0.4358 -0.2451 0.2000 -0.0056 0.5000 0.2000 -0.4302 -0.2548 0.2000
0.4406 -0.2364 0.2000 -0.0156 0.4998 0.2000 -0.4250 -0.2634 0.2000
0.4452 -0.2275 0.2000 -0.0256 0.4993 0.2000 -0.4196 -0.2718 0.2000
0.4497 -0.2186 0.2000 -0.0356 0.4987 0.2000 -0.4141 -0.2802 0.2000
0.4540 -0.2095 0.2000 -0.0455 0.4979 0.2000 -0.4084 -0.2884 0.2000
0.4581 -0.2004 0.2000 -0.0555 0.4969 0.2000 -0.4026 -0.2965 0.2000
0.4620 -0.1912 0.2000 -0.0654 0.4957 0.2000 -0.3966 -0.3045 0.2000
0.4657 -0.1819 0.2000 -0.0753 0.4943 0.2000 -0.3904 -0.3124 0.2000
0.4693 -0.1726 0.2000 -0.0852 0.4927 0.2000 -0.3841 -0.3201 0.2000
0.4726 -0.1632 0.2000 -0.0950 0.4909 0.2000 -0.3776 -0.3277 0.2000
0.4758 -0.1537 0.2000 -0.1048 0.4889 0.2000 -0.3710 -0.3352 0.2000
0.4788 -0.1441 0.2000 -0.1146 0.4867 0.2000 -0.3642 -0.3426 0.2000
0.4816 -0.1345 0.2000 -0.1243 0.4843 0.2000 -0.3573 -0.3498 0.2000
0.4842 -0.1249 0.2000 -0.1339 0.4817 0.2000 -0.3502 -0.3569 0.2000
0.4866 -0.1152 0.2000 -0.1436 0.4789 0.2000 -0.3430 -0.3638 0.2000
0.4888 -0.1054 0.2000 -0.1531 0.4760 0.2000 -0.3357 -0.3706 0.2000
0.4908 -0.0956 0.2000 -0.1626 0.4728 0.2000 -0.3282 -0.3772 0.2000
0.4926 -0.0858 0.2000 -0.1720 0.4695 0.2000 -0.3206 -0.3837 0.2000
0.4942 -0.0759 0.2000 -0.1814 0.4659 0.2000 -0.3128 -0.3900 0.2000
0.4956 -0.0660 0.2000 -0.1907 0.4622 0.2000 -0.3050 -0.3962 0.2000
0.4968 -0.0561 0.2000 -0.1999 0.4583 0.2000 -0.2970 -0.4022 0.2000
0.4979 -0.0461 0.2000 -0.2090 0.4542 0.2000 -0.2889 -0.4081 0.2000
0.4987 -0.0362 0.2000 -0.2180 0.4500 0.2000 -0.2807 -0.4138 0.2000
0.4993 -0.0262 0.2000 -0.2270 0.4455 0.2000 -0.2723 -0.4193 0.2000
0.4997 -0.0162 0.2000 -0.2358 0.4409 0.2000 -0.2639 -0.4247 0.2000
0.5000 -0.0062 0.2000 -0.2446 0.4361 0.2000 -0.2553 -0.4299 0.2000
0.5000 0.0038 0.2000 -0.2533 0.4311 0.2000 -0.2467 -0.4349 0.2000
0.4998 0.0138 0.2000 -0.2619 0.4259 0.2000 -0.2380 -0.4397 0.2000
0.4994 0.0238 0.2000 -0.2703 0.4206 0.2000 -0.2291 -0.4444 0.2000
0.4989 0.0338 0.2000 -0.2787 0.4151 0.2000 -0.2202 -0.4489 0.2000
0.4981 0.0437 0.2000 -0.2869 0.4095 0.2000 -0.2112 -0.4532 0.2000
0.4971 0.0537 0.2000 -0.2951 0.4037 0.2000 -0.2020 -0.4574 0.2000
0.4959 0.0636 0.2000 -0.3031 0.3977 0.2000 -0.1929 -0.4613 0.2000
0.4946 0.0735 0.2000 -0.3110 0.3915 0.2000 -0.1836 -0.4651 0.2000
0.4930 0.0834 0.2000 -0.3187 0.3852 0.2000 -0.1743 -0.4687 0.2000
0.4912 0.0933 0.2000 -0.3264 0.3788 0.2000 -0.1649 -0.4720 0.2000
0.4893 0.1031 0.2000 -0.3339 0.3722 0.2000 -0.1554 -0.4752 0.2000
0.4871 0.1128 0.2000 -0.3413 0.3654 0.2000 -0.1458 -0.4783 0.2000
0.4848 0.1225 0.2000 -0.3485 0.3585 0.2000 -0.1362 -0.4811 0.2000
0.4822 0.1322 0.2000 -0.3556 0.3515 0.2000 -0.1266 -0.4837 0.2000
0.4795 0.1418 0.2000 -0.3626 0.3443 0.2000 -0.1169 -0.4861 0.2000
0.4765 0.1514 0.2000 -0.3694 0.3370 0.2000 -0.1072 -0.4884 0.2000
0.4734 0.1609 0.2000 -0.3760 0.3295 0.2000 -0.0974 -0.4904 0.2000
0.4701 0.1703 0.2000 -0.3826 0.3220 0.2000 -0.0875 -0.4923 0.2000
0.4666 0.1797 0.2000 -0.3889 0.3142 0.2000 -0.0777 -0.4939 0.2000
0.4629 0.1890 0.2000 -0.3951 0.3064 0.2000 -0.0678 -0.4954 0.2000
0.4590 0.1982 0.2000 -0.4012 0.2984 0.2000 -0.0579 -0.4966 0.2000
0.4550 0.2073 0.2000 -0.4071 0.2903 0.2000 -0.0479 -0.4977 0.2000
0.4507 0.2164 0.2000 -0.4128 0.2822 0.2000 -0.0380 -0.4986 0.2000
0.4463 0.2254 0.2000 -0.4183 0.2738 0.2000 -0.0280 -0.4992 0.2000
0.4417 0.2343 0.2000 -0.4237 0.2654 0.2000 -0.0180 -0.4997 0.2000
0.4370 0.2430 0.2000 -0.4290 0.2569 0.2000 -0.0080 -0.4999 0.2000
0.4320 0.2517 0.2000 -0.4340 0.2483 0.2000 0.0020 -0.5000 0.2000
0.4269 0.2603 0.2000 -0.4389 0.2395 0.2000 0.0120 -0.4999 0.2000
0.4216 0.2688 0.2000 -0.4436 0.2307 0.2000 0.0220 -0.4995 0.2000
0.4161 0.2772 0.2000 -0.4481 0.2218 0.2000 0.0320 -0.4990 0.2000
0.4105 0.2855 0.2000 -0.4525 0.2128 0.2000 0.0420 -0.4982 0.2000
0.4047 0.2936 0.2000 -0.4566 0.2037 0.2000 0.0519 -0.4973 0.2000
0.3988 0.3016 0.2000 -0.4606 0.1945 0.2000 0.0618 -0.4962 0.2000
0.3927 0.3096 0.2000 -0.4644 0.1853 0.2000 0.0718 -0.4948 0.2000
0.3864 0.3173 0.2000 -0.4680 0.1759 0.2000 0.0816 -0.4933 0.2000
0.3800 0.3250 0.2000 -0.4714 0.1665 0.2000 0.0915 -0.4916 0.2000
0.3734 0.3325 0.2000 -0.4747 0.1571 0.2000 0.1013 -0.4896 0.2000
0.3667 0.3399 0.2000 -0.4777 0.1476 0.2000 0.1111 -0.4875 0.2000
0.3598 0.3472 0.2000 -0.4806 0.1380 0.2000 0.1208 -0.4852 0.2000
0.3528 0.3543 0.2000 -0.4832 0.1283 0.2000 0.1305 -0.4827 0.2000
0.3456 0.3613 0.2000 -0.4857 0.1187 0.2000 0.1401 -0.4800 0.2000
0.3383 0.3682 0.2000 -0.4880 0.1089 0.2000 0.1497 -0.4771 0.2000
0.3309 0.3749 0.2000 -0.4901 0.0991 0.2000 0.1592 -0.4740 0.2000
0.3233 0.3814 0.2000 -0.4920 0.0893 0.2000 0.1686 -0.4707 0.2000
0.3156 0.3878 0.2000 -0.4936 0.0795 0.2000 0.1780 -0.4672 0.2000
0.3078 0.3940 0.2000 -0.4951 0.0696 0.2000 0.1873 -0.4636 0.2000
0.2999 0.4001 0.2000 -0.4964 0.0597 0.2000 0.1966 -0.4597 0.2000
0.2918 0.4060 0.2000 -0.4975 0.0497 0.2000 0.2057 -0.4557 0.2000
0.2836 0.4118 0.2000 -0.4984 0.0398 0.2000 0.2148 -0.4515 0.2000
0.2753 0.4174 0.2000 -0.4991 0.0298 0.2000 0.2238 -0.4471 0.2000
0.2669 0.4228 0.2000 -0.4996 0.0198 0.2000 0.2327 -0.4426 0.2000
0.2584 0.4280 0.2000 -0.4999 0.0098 0.2000 0.2415 -0.4378 0.2000
0.2498 0.4331 0.2000 -0.5000 -0.0002 0.2000 0.2502 -0.4329 0.2000
0.2411 0.4380 0.2000 -0.4999 -0.0102 0.2000 0.2588 -0.4278 0.2000
0.2323 0.4428 0.2000 -0.4996 -0.0202 0.2000 0.2673 -0.4226 0.2000
0.2234 0.4473 0.2000 -0.4991 -0.0302 0.2000 0.2757 -0.4171 0.2000
0.2144 0.4517 0.2000 -0.4984 -0.0402 0.2000 0.2840 -0.4115 0.2000
0.2053 0.4559 0.2000 -0.4975 -0.0501 0.2000 0.2921 -0.4058 0.2000
0.1962 0.4599 0.2000 -0.4964 -0.0601 0.2000 0.3002 -0.3998 0.2000
0.1869 0.4637 0.2000 -0.4951 -0.0700 0.2000 0.3081 -0.3938 0.2000
0.1776 0.4674 0.2000 -0.4936 -0.0799 0.2000 0.3160 -0.3875 0.2000
0.1682 0.4708 0.2000 -0.4919 -0.0897 0.2000 0.3236 -0.3811 0.2000
0.1588 0.4741 0.2000 -0.4900 -0.0995 0.2000 0.3312 -0.3746 0.2000
0.1493 0.4772 0.2000 -0.4879 -0.1093 0.2000 0.3386 -0.3679 0.2000
0.1397 0.4801 0.2000 -0.4856 -0.1191 0.2000 0.3459 -0.3610 0.2000
0.1301 0.4828 0.2000 -0.4831 -0.1287 0.2000 0.3531 -0.3540 0.2000
0.1204 0.4853 0.2000 -0.4805 -0.1384 0.2000 0.3601 -0.3469 0.2000
0.1107 0.4876 0.2000 -0.4776 -0.1480 0.2000 0.3669 -0.3396 0.2000
0.1009 0.4897 0.2000 -0.4746 -0.1575 0.2000 0.3737 -0.3322 0.2000
0.0911 0.4916 0.2000 -0.4713 -0.1669 0.2000 0.3802 -0.3247 0.2000
0.0812 0.4934 0.2000 -0.4679 -0.1763 0.2000 0.3866 -0.3170 0.2000
0.0713 0.4949 0.2000 -0.4643 -0.1857 0.2000 0.3929 -0.3092 0.2000
0.0614 0.4962 0.2000 -0.4604 -0.1949 0.2000 0.3990 -0.3013 0.2000
0.0515 0.4973 0.2000 -0.4565 -0.2041 0.2000 0.4050 -0.2933 0.2000
0.0415 0.4983 0.2000 -0.4523 -0.2132 0.2000 0.4107 -0.2851 0.2000
0.0316 0.4990 0.2000 -0.4479 -0.2222 0.2000 0.4164 -0.2768 0.2000
0.0216 0.4995 0.2000 -0.4434 -0.2311 0.2000 0.4218 -0.2685 0.2000
0.0116 0.4999 0.2000 -0.4387 -0.2399 0.2000 0.4271 -0.2600 0.2000
0.0016 0.5000 0.2000 -0.4338 -0.2486 0.2000 0.4322 -0.2514 0.2000
0.0000 0.5000 0.2000 -0.4330 -0.2500 0.2000 0.4330 -0.2500 0.2000
0.0000 0.5000 0.2000 -0.4330 -0.2500 0.2000 0.4330 -0.2500 0.2000
0.0000 0.5000 0.2000 -0.4330 -0.2500 0.2000 0.4330 -0.2500 0.2000
0.0000 0.5000 0.2000 -0.4330 -0.2500 0.2000 0.4330 -0.2500 0.2000
0.0000 0.5000 0.2000 -0.4330 -0.2500 0.2000 0.4330 -0.2500 0.2000
0.0000 0.5000 0.2000 -0.4330 -0.2500 0.2000 0.4330 -0.2500 0.2000
0.0000 0.5000 0.2000 -0.4330 -0.2500 0.2000 0.4330 -0.2500 0.2000
0.0000 0.5000 0.2000 -0.4330 -0.2500 0.2000 0.4330 -0.2500 0.2000
0.0000 0.5000 0.2000 -0.4330 -0.2500 0.2000 0.4330 -0.2500 0.2000
0.0000 0.5000 0.2000 -0.4330 -0.2500 0.2000 0.4330 -0.2500 0.2000
0.0000 0.5000 0.2000 -0.4330 -0.2500 0.2000 0.4330 -0.2500 0.2000
0.0000 0.5000 0.2000 -0.4330 -0.2500 0.2000 0.4330 -0.2500 0.2000
0.0000 0.5000 0.2000 -0.4330 -0.2500 0.2000 0.4330 -0.2500 0.2000
0.0000 0.5000 0.2000 -0.4330 -0.2500 0.2000 0.4330 -0.2500 0.2000
0.0000 0.5000 0.2000 -0.4330 -0.2500 0.2000 0.4330 -0.2500 0.2000
0.0000 0.5000 0.2000 -0.4330 -0.2500 0.2000 0.4330 -0.2500 0.2000
0.0000 0.5000 0.2000 -0.4330 -0.2500 0.2000 0.4330 -0.2500 0.2000
0.0000 0.5000 0.2000 -0.4330 -0.2500 0.2000 0.4330 -0.2500 0.2000
0.0000 0.5000 0.2000 -0.4330 -0.2500 0.2000 0.4330 -0.2500 0.2000
0.0000 0.5000 0.2000 -0.4330 -0.2500 0.2000 0.4330 -0.2500 0.2000
0.0000 0.5000 0.2000 -0.4330 -0.2500 0.2000 0.4330 -0.2500 0.2000
0.0000 0.5000 0.2000 -0.4330 -0.2500 0.2000 0.4330 -0.2500 0.2000
0.0000 0.5000 0.2000 -0.4330 -0.2500 0.2000 0.4330 -0.2500 0.2000
0.0000 0.5000 0.2000 -0.4330 -0.2500 0.2000 0.4330 -0.2500 0.2000
0.0000 0.5000 0.2000 -0.4330 -0.2500 0.2000 0.4330 -0.2500 0.2000
0.0000 0.5000 0.2000 -0.4330 -0.2500 0.2000 0.4330 -0.2500 0.2000
0.0000 0.5000 0.2000 -0.4330 -0.2500 0.2000 0.4330 -0.2500 0.2000
0.0000 0.5000 0.2000 -0.4330 -0.2500 0.2000 0.4330 -0.2500 0.2000
0.0000 0.5000 0.2000 -0.4330 -0.2500 0.2000 0.4330 -0.2500 0.2000
0.0000 0.5000 0.2000 -0.4330 -0.2500 0.2000 0.4330 -0.2500 0.2000
0.0000 0.5000 0.2000 -0.4330 -0.2500 0.2000 0.4330 -0.2500 0.2000
0.0000 0.5000 0.2000 -0.4330 -0.2500 0.2000 0.4330 -0.2500 0.2000
0.0000 0.5000 0.2000 -0.4330 -0.2500 0.2000 0.4330 -0.2500 0.2000
0.0000 0.5000 0.2000 -0.4330 -0.2500 0.2000 0.4330 -0.2500 0.2000
0.0000 0.5000 0.2000 -0.4330 -0.2500 0.2000 0.4330 -0.2500 0.2000
0.0000 0.5000 0.2000 -0.4330 -0.2500 0.2000 0.4330 -0.2500 0.2000
0.0000 0.5000 0.2000 -0.4330 -0.2500 0.2000 0.4330 -0.2500 0.2000
0.0000 0.5000 0.2000 -0.4330 -0.2500 0.2000 0.4330 -0.2500 0.2000
0.0000 0.5000 0.2000 -0.4330 -0.2500 0.2000 0.4330 -0.2500 0.2000
0.0000 0.5000 0.2000 -0.4330 -0.2500 0.2000 0.4330 -0.2500 0.2000
