0.0000 0.0000 0.2000 0.0000 1.0000 0.2000
0.0000 0.0000 0.2000 0.0000 1.0000 0.2000
0.0000 0.0000 0.2000 0.0000 1.0000 0.2000
0.0000 0.0000 0.2000 0.0000 1.0000 0.2000
0.0000 0.0000 0.2000 0.0000 1.0000 0.2000
0.0000 0.0000 0.2000 0.0000 1.0000 0.2000
0.0000 0.0000 0.2000 0.0000 1.0000 0.2000
0.0000 0.0000 0.2000 0.0000 1.0000 0.2000
0.0000 0.0000 0.2000 0.0000 1.0000 0.2000
0.0000 0.0000 0.2000 0.0000 1.0000 0.2000
0.0000 0.0000 0.2000 0.0000 1.0000 0.2000
0.0000 0.0000 0.2000 0.0000 1.0000 0.2000
0.0000 0.0000 0.2000 0.0000 1.0000 0.2000
0.0000 0.0000 0.2000 0.0000 1.0000 0.2000
0.0000 0.0000 0.2000 0.0000 1.0000 0.2000
0.0000 0.0000 0.2000 0.0000 1.0000 0.2000
0.0000 0.0000 0.2000 0.0000 1.0000 0.2000
0.0000 0.0000 0.2000 0.0000 1.0000 0.2000
0.0000 0.0000 0.2000 0.0000 1.0000 0.2000
0.0000 0.0000 0.2000 0.0000 1.0000 0.2000
0.0000 0.0000 0.2000 0.0000 1.0000 0.2000
0.0000 0.0000 0.2000 0.0000 1.0000 0.2000
0.0000 0.0000 0.2000 0.0000 1.0000 0.2000
0.0000 0.0000 0.2000 0.0000 1.0000 0.2000
0.0000 0.0000 0.2000 0.0000 1.0000 0.2000
0.0000 0.0000 0.2000 0.0000 1.0000 0.2000
0.0000 0.0000 0.2000 0.0000 1.0000 0.2000
0.0000 0.0000 0.2000 0.0000 1.0000 0.2000
0.0000 0.0000 0.2000 0.0000 1.0000 0.2000
0.0000 0.0000 0.2000 0.0000 1.0000 0.2000
0.0000 0.0000 0.2000 0.0000 1.0000 0.2000
0.0000 0.0000 0.2000 0.0000 1.0000 0.2000
0.0000 0.0000 0.2000 0.0000 1.0000 0.2000
0.0000 0.0000 0.2000 0.0000 1.0000 0.2000
0.0000 0.0000 0.2000 0.0000 1.0000 0.2000
0.0000 0.0000 0.2000 0.0000 1.0000 0.2000
0.0000 0.0000 0.2000 0.0000 1.0000 0.2000
0.0000 0.0000 0.2000 0.0000 1.0000 0.2000
0.0000 0.0000 0.2000 0.0000 1.0000 0.2000
0.0000 0.0000 0.2000 0.0000 1.0000 0.2000
0.0000 0.0000 0.2000 0.0000 1.0000 0.2000
0.0000 0.0000 0.2000 0.0000 1.0000 0.2000
0.0000 0.0000 0.2000 0.0000 1.0000 0.2000
0.0000 0.0000 0.2000 0.0000 1.0000 0.2000
0.0000 0.0000 0.2000 0.0000 1.0000 0.2000
0.0000 0.0000 0.2000 0.0000 1.0000 0.2000
0.0000 0.0000 0.2000 0.0000 1.0000 0.2000
0.0000 0.0000 0.2000 0.0000 1.0000 0.2000
0.0000 0.0000 0.2000 0.0000 1.0000 0.2000
0.0000 0.0000 0.2000 0.0000 1.0000 0.2000
0.0000 0.0000 0.2000 0.0000 1.0000 0.2000
0.0000 0.0000 0.2000 0.0000 1.0000 0.2000
0.0000 0.0000 0.2000 0.0000 1.0000 0.2000
0.0000 0.0000 0.2000 0.0000 1.0000 0.2000
0.0000 0.0000 0.2000 0.0000 1.0000 0.2000
0.0000 0.0000 0.2000 0.0000 1.0000 0.2000
0.0000 0.0000 0.2000 0.0000 1.0000 0.2000
0.0000 0.0000 0.2000 0.0000 1.0000 0.2000
0.0000 0.0000 0.2000 0.0000 1.0000 0.2000
0.0000 0.0000 0.2000 0.0000 1.0000 0.2000
0.0000 0.0000 0.2000 0.0000 1.0000 0.2000
0.0000 0.0000 0.2000 0.0000 1.0000 0.2000
0.0000 0.0000 0.2000 0.0000 1.0000 0.2000
0.0000 0.0000 0.2000 0.0000 1.0000 0.2000
0.0000 0.0000 0.2000 0.0000 1.0000 0.2000
0.0000 0.0000 0.2000 0.0000 1.0000 0.2000
0.0000 0.0000 0.2000 0.0000 1.0000 0.2000
0.0000 0.0000 0.2000 0.0000 1.0000 0.2000
0.0000 0.0000 0.2000 0.0000 1.0000 0.2000
0.0000 0.0000 0.2000 0.0000 1.0000 0.2000
0.0000 0.0000 0.2000 0.0000 1.0000 0.2000
0.0000 0.0000 0.2000 0.0000 1.0000 0.2000
0.0000 0.0000 0.2000 0.0000 1.0000 0.2000
0.0000 0.0000 0.2000 0.0000 1.0000 0.2000
0.0000 0.0000 0.2000 0.0000 1.0000 0.2000
0.0000 0.0000 0.2000 0.0000 1.0000 0.2000
0.0000 0.0000 0.2000 0.0000 1.0000 0.2000
0.0000 0.0000 0.2000 0.0000 1.0000 0.2000
0.0000 0.0000 0.2000 0.0000 1.0000 0.2000
0.0000 0.0000 0.2000 0.0000 1.0000 0.2000
0.0000 0.0000 0.2000 0.0000 1.0000 0.2000
0.0000 0.0000 0.2000 0.0000 1.0000 0.2000
0.0000 0.0000 0.2000 0.0000 1.0000 0.2000
0.0000 0.0000 0.2000 0.0000 1.0000 0.2000
0.0000 0.0000 0.2000 0.0000 1.0000 0.2000
0.0000 0.0000 0.2000 0.0000 1.0000 0.2000
0.0000 0.0000 0.2000 0.0000 1.0000 0.2000
0.0000 0.0000 0.2000 0.0000 1.0000 0.2000
0.0000 0.0000 0.2000 0.0000 1.0000 0.2000
0.0000 0.0000 0.2000 0.0000 1.0000 0.2000
0.0000 0.0000 0.2000 0.0000 1.0000 0.2000
0.0000 0.0000 0.2000 0.0000 1.0000 0.2000
0.0000 0.0000 0.2000 0.0000 1.0000 0.2000
0.0000 0.0000 0.2000 0.0000 1.0000 0.2000
0.0000 0.0000 0.2000 0.0000 1.0000 0.2000
0.0000 0.0000 0.2000 0.0000 1.0000 0.2000
0.0000 0.0000 0.2000 0.0000 1.0000 0.2000
0.0000 0.0000 0.2000 0.0000 1.0000 0.2000
0.0000 0.0000 0.2000 0.0000 1.0000 0.2000
0.0000 0.0000 0.2000 0.0000 1.0000 0.2000
0.0000 0.0000 0.2000 0.0000 1.0000 0.2000
0.0000 0.0000 0.2000 0.0000 1.0000 0.2000
0.0000 0.0000 0.2000 0.0000 1.0000 0.2000
0.0000 0.0000 0.2000 0.0000 1.0000 0.2000
0.0000 0.0000 0.2000 0.0000 1.0000 0.2000
0.0000 0.0000 0.2000 0.0000 1.0000 0.2000
0.0000 0.0000 0.2000 0.0000 1.0000 0.2000
0.0000 0.0000 0.2000 0.0000 1.0000 0.2000
0.0000 0.0000 0.2000 0.0000 1.0000 0.2000
0.0000 0.0000 0.2000 0.0000 1.0000 0.2000
0.0000 0.0000 0.2000 0.0000 1.0000 0.2000
0.0000 0.0000 0.2000 0.0000 1.0000 0.2000
0.0000 0.0000 0.2000 0.0000 1.0000 0.2000
0.0000 0.0000 0.2000 0.0000 1.0000 0.2000
0.0000 0.0000 0.2000 0.0000 1.0000 0.2000
0.0000 0.0000 0.2000 0.0000 1.0000 0.2000
0.0000 0.0000 0.2000 0.0000 1.0000 0.2000
0.0000 0.0000 0.2000 0.0000 1.0000 0.2000
0.0000 0.0000 0.2000 0.0000 1.0000 0.2000
0.0000 0.0000 0.2000 0.0000 1.0000 0.2000
0.0000 0.0000 0.2000 0.0000 1.0000 0.2000
0.0000 0.0000 0.2000 0.0000 1.0000 0.2000
0.0000 0.0000 0.2000 0.0000 1.0000 0.2000
0.0000 0.0000 0.2000 0.0000 1.0000 0.2000
0.0000 0.0000 0.2000 0.0000 1.0000 0.2000
0.0000 0.0000 0.2000 0.0000 1.0000 0.2000
0.0000 0.0000 0.2000 0.0000 1.0000 0.2000
0.0000 0.0000 0.2000 0.0000 1.0000 0.2000
0.0000 0.0000 0.2000 0.0000 1.0000 0.2000
0.0000 0.0000 0.2000 0.0000 1.0000 0.2000
0.0000 0.0000 0.2000 0.0000 1.0000 0.2000
0.0000 0.0000 0.2000 0.0000 1.0000 0.2000
0.0000 0.0000 0.2000 0.0000 1.0000 0.2000
0.0000 0.0000 0.2000 0.0000 1.0000 0.2000
0.0006 0.0000 0.2000 0.0006 1.0000 0.2000
0.0012 0.0000 0.2000 0.0012 1.0000 0.2000
0.0018 0.0000 0.2000 0.0018 1.0000 0.2000
0.0024 0.0000 0.2000 0.0024 1.0000 0.2000
0.0030 0.0000 0.2000 0.0030 1.0000 0.2000
0.0036 0.0000 0.2000 0.0036 1.0000 0.2000
0.0042 0.0000 0.2000 0.0042 1.0000 0.2000
0.0048 0.0000 0.2000 0.0048 1.0000 0.2000
0.0054 0.0000 0.2000 0.0054 1.0000 0.2000
0.0060 0.0000 0.2000 0.0060 1.0000 0.2000
0.0066 0.0000 0.2000 0.0066 1.0000 0.2000
0.0072 0.0000 0.2000 0.0072 1.0000 0.2000
0.0078 0.0000 0.2000 0.0078 1.0000 0.2000
0.0084 0.0000 0.2000 0.0084 1.0000 0.2000
0.0090 0.0000 0.2000 0.0090 1.0000 0.2000
0.0096 0.0000 0.2000 0.0096 1.0000 0.2000
0.0102 0.0000 0.2000 0.0102 1.0000 0.2000
0.0108 0.0000 0.2000 0.0108 1.0000 0.2000
0.0114 0.0000 0.2000 0.0114 1.0000 0.2000
0.0120 0.0000 0.2000 0.0120 1.0000 0.2000
0.0126 0.0000 0.2000 0.0126 1.0000 0.2000
0.0132 0.0000 0.2000 0.0132 1.0000 0.2000
0.0138 0.0000 0.2000 0.0138 1.0000 0.2000
0.0144 0.0000 0.2000 0.0144 1.0000 0.2000
0.0150 0.0000 0.2000 0.0150 1.0000 0.2000
0.0156 0.0000 0.2000 0.0156 1.0000 0.2000
0.0162 0.0000 0.2000 0.0162 1.0000 0.2000
0.0168 0.0000 0.2000 0.0168 1.0000 0.2000
0.0174 0.0000 0.2000 0.0174 1.0000 0.2000
0.0180 0.0000 0.2000 0.0180 1.0000 0.2000
0.0186 0.0000 0.2000 0.0186 1.0000 0.2000
0.0192 0.0000 0.2000 0.0192 1.0000 0.2000
0.0198 0.0000 0.2000 0.0198 1.0000 0.2000
0.0204 0.0000 0.2000 0.0204 1.0000 0.2000
0.0210 0.0000 0.2000 0.0210 1.0000 0.2000
0.0216 0.0000 0.2000 0.0216 1.0000 0.2000
0.0222 0.0000 0.2000 0.0222 1.0000 0.2000
0.0228 0.0000 0.2000 0.0228 1.0000 0.2000
0.0234 0.0000 0.2000 0.0234 1.0000 0.2000
0.0240 0.0000 0.2000 0.0240 1.0000 0.2000
0.0246 0.0000 0.2000 0.0246 1.0000 0.2000
0.0252 0.0000 0.2000 0.0252 1.0000 0.2000
0.0258 0.0000 0.2000 0.0258 1.0000 0.2000
0.0264 0.0000 0.2000 0.0264 1.0000 0.2000
0.0270 0.0000 0.2000 0.0270 1.0000 0.2000
0.0276 0.0000 0.2000 0.0276 1.0000 0.2000
0.0282 0.0000 0.2000 0.0282 1.0000 0.2000
0.0288 0.0000 0.2000 0.0288 1.0000 0.2000
0.0294 0.0000 0.2000 0.0294 1.0000 0.2000
0.0300 0.0000 0.2000 0.0300 1.0000 0.2000
0.0306 0.0000 0.2000 0.0306 1.0000 0.2000
0.0312 0.0000 0.2000 0.0312 1.0000 0.2000
0.0318 0.0000 0.2000 0.0318 1.0000 0.2000
0.0324 0.0000 0.2000 0.0324 1.0000 0.2000
0.0330 0.0000 0.2000 0.0330 1.0000 0.2000
0.0336 0.0000 0.2000 0.0336 1.0000 0.2000
0.0342 0.0000 0.2000 0.0342 1.0000 0.2000
0.0348 0.0000 0.2000 0.0348 1.0000 0.2000
0.0354 0.0000 0.2000 0.0354 1.0000 0.2000
0.0360 0.0000 0.2000 0.0360 1.0000 0.2000
0.0366 0.0000 0.2000 0.0366 1.0000 0.2000
0.0372 0.0000 0.2000 0.0372 1.0000 0.2000
0.0378 0.0000 0.2000 0.0378 1.0000 0.2000
0.0384 0.0000 0.2000 0.0384 1.0000 0.2000
0.0390 0.0000 0.2000 0.0390 1.0000 0.2000
0.0396 0.0000 0.2000 0.0396 1.0000 0.2000
0.0402 0.0000 0.2000 0.0402 1.0000 0.2000
0.0408 0.0000 0.2000 0.0408 1.0000 0.2000
0.0414 0.0000 0.2000 0.0414 1.0000 0.2000
0.0420 0.0000 0.2000 0.0420 1.0000 0.2000
0.0426 0.0000 0.2000 0.0426 1.0000 0.2000
0.0432 0.0000 0.2000 0.0432 1.0000 0.2000
0.0438 0.0000 0.2000 0.0438 1.0000 0.2000
0.0444 0.0000 0.2000 0.0444 1.0000 0.2000
0.0450 0.0000 0.2000 0.0450 1.0000 0.2000
0.0456 0.0000 0.2000 0.0456 1.0000 0.2000
0.0462 0.0000 0.2000 0.0462 1.0000 0.2000
0.0468 0.0000 0.2000 0.0468 1.0000 0.2000
0.0474 0.0000 0.2000 0.0474 1.0000 0.2000
0.0480 0.0000 0.2000 0.0480 1.0000 0.2000
0.0486 0.0000 0.2000 0.0486 1.0000 0.2000
0.0492 0.0000 0.2000 0.0492 1.0000 0.2000
0.0498 0.0000 0.2000 0.0498 1.0000 0.2000
0.0504 0.0000 0.2000 0.0504 1.0000 0.2000
0.0510 0.0000 0.2000 0.0510 1.0000 0.2000
0.0516 0.0000 0.2000 0.0516 1.0000 0.2000
0.0522 0.0000 0.2000 0.0522 1.0000 0.2000
0.0528 0.0000 0.2000 0.0528 1.0000 0.2000
0.0534 0.0000 0.2000 0.0534 1.0000 0.2000
0.0540 0.0000 0.2000 0.0540 1.0000 0.2000
0.0546 0.0000 0.2000 0.0546 1.0000 0.2000
0.0552 0.0000 0.2000 0.0552 1.0000 0.2000
0.0558 0.0000 0.2000 0.0558 1.0000 0.2000
0.0564 0.0000 0.2000 0.0564 1.0000 0.2000
0.0570 0.0000 0.2000 0.0570 1.0000 0.2000
0.0576 0.0000 0.2000 0.0576 1.0000 0.2000
0.0582 0.0000 0.2000 0.0582 1.0000 0.2000
0.0588 0.0000 0.2000 0.0588 1.0000 0.2000
0.0594 0.0000 0.2000 0.0594 1.0000 0.2000
0.0600 0.0000 0.2000 0.0600 1.0000 0.2000
0.0606 0.0000 0.2000 0.0606 1.0000 0.2000
0.0612 0.0000 0.2000 0.0612 1.0000 0.2000
0.0618 0.0000 0.2000 0.0618 1.0000 0.2000
0.0624 0.0000 0.2000 0.0624 1.0000 0.2000
0.0630 0.0000 0.2000 0.0630 1.0000 0.2000
0.0636 0.0000 0.2000 0.0636 1.0000 0.2000
0.0642 0.0000 0.2000 0.0642 1.0000 0.2000
0.0648 0.0000 0.2000 0.0648 1.0000 0.2000
0.0654 0.0000 0.2000 0.0654 1.0000 0.2000
0.0660 0.0000 0.2000 0.0660 1.0000 0.2000
0.0666 0.0000 0.2000 0.0666 1.0000 0.2000
0.0672 0.0000 0.2000 0.0672 1.0000 0.2000
0.0678 0.0000 0.2000 0.0678 1.0000 0.2000
0.0684 0.0000 0.2000 0.0684 1.0000 0.2000
0.0690 0.0000 0.2000 0.0690 1.0000 0.2000
0.0696 0.0000 0.2000 0.0696 1.0000 0.2000
0.0702 0.0000 0.2000 0.0702 1.0000 0.2000
0.0708 0.0000 0.2000 0.0708 1.0000 0.2000
0.0714 0.0000 0.2000 0.0714 1.0000 0.2000
0.0720 0.0000 0.2000 0.0720 1.0000 0.2000
0.0726 0.0000 0.2000 0.0726 1.0000 0.2000
0.0732 0.0000 0.2000 0.0732 1.0000 0.2000
0.0738 0.0000 0.2000 0.0738 1.0000 0.2000
0.0744 0.0000 0.2000 0.0744 1.0000 0.2000
0.0750 0.0000 0.2000 0.0750 1.0000 0.2000
0.0756 0.0000 0.2000 0.0756 1.0000 0.2000
0.0762 0.0000 0.2000 0.0762 1.0000 0.2000
0.0768 0.0000 0.2000 0.0768 1.0000 0.2000
0.0774 0.0000 0.2000 0.0774 1.0000 0.2000
0.0780 0.0000 0.2000 0.0780 1.0000 0.2000
0.0786 0.0000 0.2000 0.0786 1.0000 0.2000
0.0792 0.0000 0.2000 0.0792 1.0000 0.2000
0.0798 0.0000 0.2000 0.0798 1.0000 0.2000
0.0804 0.0000 0.2000 0.0804 1.0000 0.2000
0.0810 0.0000 0.2000 0.0810 1.0000 0.2000
0.0816 0.0000 0.2000 0.0816 1.0000 0.2000
0.0822 0.0000 0.2000 0.0822 1.0000 0.2000
0.0828 0.0000 0.2000 0.0828 1.0000 0.2000
0.0834 0.0000 0.2000 0.0834 1.0000 0.2000
0.0840 0.0000 0.2000 0.0840 1.0000 0.2000
0.0846 0.0000 0.2000 0.0846 1.0000 0.2000
0.0852 0.0000 0.2000 0.0852 1.0000 0.2000
0.0858 0.0000 0.2000 0.0858 1.0000 0.2000
0.0864 0.0000 0.2000 0.0864 1.0000 0.2000
0.0870 0.0000 0.2000 0.0870 1.0000 0.2000
0.0876 0.0000 0.2000 0.0876 1.0000 0.2000
0.0882 0.0000 0.2000 0.0882 1.0000 0.2000
0.0888 0.0000 0.2000 0.0888 1.0000 0.2000
0.0894 0.0000 0.2000 0.0894 1.0000 0.2000
0.0900 0.0000 0.2000 0.0900 1.0000 0.2000
0.0906 0.0000 0.2000 0.0906 1.0000 0.2000
0.0912 0.0000 0.2000 0.0912 1.0000 0.2000
0.0918 0.0000 0.2000 0.0918 1.0000 0.2000
0.0924 0.0000 0.2000 0.0924 1.0000 0.2000
0.0930 0.0000 0.2000 0.0930 1.0000 0.2000
0.0936 0.0000 0.2000 0.0936 1.0000 0.2000
0.0942 0.0000 0.2000 0.0942 1.0000 0.2000
0.0948 0.0000 0.2000 0.0948 1.0000 0.2000
0.0954 0.0000 0.2000 0.0954 1.0000 0.2000
0.0960 0.0000 0.2000 0.0960 1.0000 0.2000
0.0966 0.0000 0.2000 0.0966 1.0000 0.2000
0.0972 0.0000 0.2000 0.0972 1.0000 0.2000
0.0978 0.0000 0.2000 0.0978 1.0000 0.2000
0.0984 0.0000 0.2000 0.0984 1.0000 0.2000
0.0990 0.0000 0.2000 0.0990 1.0000 0.2000
0.0996 0.0000 0.2000 0.0996 1.0000 0.2000
0.1002 0.0000 0.2000 0.1002 1.0000 0.2000
0.1008 0.0000 0.2000 0.1008 1.0000 0.2000
0.1014 0.0000 0.2000 0.1014 1.0000 0.2000
0.1020 0.0000 0.2000 0.1020 1.0000 0.2000
0.1026 0.0000 0.2000 0.1026 1.0000 0.2000
0.1032 0.0000 0.2000 0.1032 1.0000 0.2000
0.1038 0.0000 0.2000 0.1038 1.0000 0.2000
0.1044 0.0000 0.2000 0.1044 1.0000 0.2000
0.1050 0.0000 0.2000 0.1050 1.0000 0.2000
0.1056 0.0000 0.2000 0.1056 1.0000 0.2000
0.1062 0.0000 0.2000 0.1062 1.0000 0.2000
0.1068 0.0000 0.2000 0.1068 1.0000 0.2000
0.1074 0.0000 0.2000 0.1074 1.0000 0.2000
0.1080 0.0000 0.2000 0.1080 1.0000 0.2000
0.1086 0.0000 0.2000 0.1086 1.0000 0.2000
0.1092 0.0000 0.2000 0.1092 1.0000 0.2000
0.1098 0.0000 0.2000 0.1098 1.0000 0.2000
0.1104 0.0000 0.2000 0.1104 1.0000 0.2000
0.1110 0.0000 0.2000 0.1110 1.0000 0.2000
0.1116 0.0000 0.2000 0.1116 1.0000 0.2000
0.1122 0.0000 0.2000 0.1122 1.0000 0.2000
0.1128 0.0000 0.2000 0.1128 1.0000 0.2000
0.1134 0.0000 0.2000 0.1134 1.0000 0.2000
0.1140 0.0000 0.2000 0.1140 1.0000 0.2000
0.1146 0.0000 0.2000 0.1146 1.0000 0.2000
0.1152 0.0000 0.2000 0.1152 1.0000 0.2000
0.1158 0.0000 0.2000 0.1158 1.0000 0.2000
0.1164 0.0000 0.2000 0.1164 1.0000 0.2000
0.1170 0.0000 0.2000 0.1170 1.0000 0.2000
0.1176 0.0000 0.2000 0.1176 1.0000 0.2000
0.1182 0.0000 0.2000 0.1182 1.0000 0.2000
0.1188 0.0000 0.2000 0.1188 1.0000 0.2000
0.1194 0.0000 0.2000 0.1194 1.0000 0.2000
0.1200 0.0000 0.2000 0.1200 1.0000 0.2000
0.1206 0.0000 0.2000 0.1206 1.0000 0.2000
0.1212 0.0000 0.2000 0.1212 1.0000 0.2000
0.1218 0.0000 0.2000 0.1218 1.0000 0.2000
0.1224 0.0000 0.2000 0.1224 1.0000 0.2000
0.1230 0.0000 0.2000 0.1230 1.0000 0.2000
0.1236 0.0000 0.2000 0.1236 1.0000 0.2000
0.1242 0.0000 0.2000 0.1242 1.0000 0.2000
0.1248 0.0000 0.2000 0.1248 1.0000 0.2000
0.1254 0.0000 0.2000 0.1254 1.0000 0.2000
0.1260 0.0000 0.2000 0.1260 1.0000 0.2000
0.1266 0.0000 0.2000 0.1266 1.0000 0.2000
0.1272 0.0000 0.2000 0.1272 1.0000 0.2000
0.1278 0.0000 0.2000 0.1278 1.0000 0.2000
0.1284 0.0000 0.2000 0.1284 1.0000 0.2000
0.1290 0.0000 0.2000 0.1290 1.0000 0.2000
0.1296 0.0000 0.2000 0.1296 1.0000 0.2000
0.1302 0.0000 0.2000 0.1302 1.0000 0.2000
0.1308 0.0000 0.2000 0.1308 1.0000 0.2000
0.1314 0.0000 0.2000 0.1314 1.0000 0.2000
0.1320 0.0000 0.2000 0.1320 1.0000 0.2000
0.1326 0.0000 0.2000 0.1326 1.0000 0.2000
0.1332 0.0000 0.2000 0.1332 1.0000 0.2000
0.1338 0.0000 0.2000 0.1338 1.0000 0.2000
0.1344 0.0000 0.2000 0.1344 1.0000 0.2000
0.1350 0.0000 0.2000 0.1350 1.0000 0.2000
0.1356 0.0000 0.2000 0.1356 1.0000 0.2000
0.1362 0.0000 0.2000 0.1362 1.0000 0.2000
0.1368 0.0000 0.2000 0.1368 1.0000 0.2000
0.1374 0.0000 0.2000 0.1374 1.0000 0.2000
0.1380 0.0000 0.2000 0.1380 1.0000 0.2000
0.1386 0.0000 0.2000 0.1386 1.0000 0.2000
0.1392 0.0000 0.2000 0.1392 1.0000 0.2000
0.1398 0.0000 0.2000 0.1398 1.0000 0.2000
0.1404 0.0000 0.2000 0.1404 1.0000 0.2000
0.1410 0.0000 0.2000 0.1410 1.0000 0.2000
0.1416 0.0000 0.2000 0.1416 1.0000 0.2000
0.1422 0.0000 0.2000 0.1422 1.0000 0.2000
0.1428 0.0000 0.2000 0.1428 1.0000 0.2000
0.1434 0.0000 0.2000 0.1434 1.0000 0.2000
0.1440 0.0000 0.2000 0.1440 1.0000 0.2000
0.1446 0.0000 0.2000 0.1446 1.0000 0.2000
0.1452 0.0000 0.2000 0.1452 1.0000 0.2000
0.1458 0.0000 0.2000 0.1458 1.0000 0.2000
0.1464 0.0000 0.2000 0.1464 1.0000 0.2000
0.1470 0.0000 0.2000 0.1470 1.0000 0.2000
0.1476 0.0000 0.2000 0.1476 1.0000 0.2000
0.1482 0.0000 0.2000 0.1482 1.0000 0.2000
0.1488 0.0000 0.2000 0.1488 1.0000 0.2000
0.1494 0.0000 0.2000 0.1494 1.0000 0.2000
0.1500 0.0000 0.2000 0.1500 1.0000 0.2000
0.1506 0.0000 0.2000 0.1506 1.0000 0.2000
0.1512 0.0000 0.2000 0.1512 1.0000 0.2000
0.1518 0.0000 0.2000 0.1518 1.0000 0.2000
0.1524 0.0000 0.2000 0.1524 1.0000 0.2000
0.1530 0.0000 0.2000 0.1530 1.0000 0.2000
0.1536 0.0000 0.2000 0.1536 1.0000 0.2000
0.1542 0.0000 0.2000 0.1542 1.0000 0.2000
0.1548 0.0000 0.2000 0.1548 1.0000 0.2000
0.1554 0.0000 0.2000 0.1554 1.0000 0.2000
0.1560 0.0000 0.2000 0.1560 1.0000 0.2000
0.1566 0.0000 0.2000 0.1566 1.0000 0.2000
0.1572 0.0000 0.2000 0.1572 1.0000 0.2000
0.1578 0.0000 0.2000 0.1578 1.0000 0.2000
0.1584 0.0000 0.2000 0.1584 1.0000 0.2000
0.1590 0.0000 0.2000 0.1590 1.0000 0.2000
0.1596 0.0000 0.2000 0.1596 1.0000 0.2000
0.1602 0.0000 0.2000 0.1602 1.0000 0.2000
0.1608 0.0000 0.2000 0.1608 1.0000 0.2000
0.1614 0.0000 0.2000 0.1614 1.0000 0.2000
0.1620 0.0000 0.2000 0.1620 1.0000 0.2000
0.1626 0.0000 0.2000 0.1626 1.0000 0.2000
0.1632 0.0000 0.2000 0.1632 1.0000 0.2000
0.1638 0.0000 0.2000 0.1638 1.0000 0.2000
0.1644 0.0000 0.2000 0.1644 1.0000 0.2000
0.1650 0.0000 0.2000 0.1650 1.0000 0.2000
0.1656 0.0000 0.2000 0.1656 1.0000 0.2000
0.1662 0.0000 0.2000 0.1662 1.0000 0.2000
0.1668 0.0000 0.2000 0.1668 1.0000 0.2000
0.1674 0.0000 0.2000 0.1674 1.0000 0.2000
0.1680 0.0000 0.2000 0.1680 1.0000 0.2000
0.1686 0.0000 0.2000 0.1686 1.0000 0.2000
0.1692 0.0000 0.2000 0.1692 1.0000 0.2000
0.1698 0.0000 0.2000 0.1698 1.0000 0.2000
0.1704 0.0000 0.2000 0.1704 1.0000 0.2000
0.1710 0.0000 0.2000 0.1710 1.0000 0.2000
0.1716 0.0000 0.2000 0.1716 1.0000 0.2000
0.1722 0.0000 0.2000 0.1722 1.0000 0.2000
0.1728 0.0000 0.2000 0.1728 1.0000 0.2000
0.1734 0.0000 0.2000 0.1734 1.0000 0.2000
0.1740 0.0000 0.2000 0.1740 1.0000 0.2000
0.1746 0.0000 0.2000 0.1746 1.0000 0.2000
0.1752 0.0000 0.2000 0.1752 1.0000 0.2000
0.1758 0.0000 0.2000 0.1758 1.0000 0.2000
0.1764 0.0000 0.2000 0.1764 1.0000 0.2000
0.1770 0.0000 0.2000 0.1770 1.0000 0.2000
0.1776 0.0000 0.2000 0.1776 1.0000 0.2000
0.1782 0.0000 0.2000 0.1782 1.0000 0.2000
0.1788 0.0000 0.2000 0.1788 1.0000 0.2000
0.1794 0.0000 0.2000 0.1794 1.0000 0.2000
0.1800 0.0000 0.2000 0.1800 1.0000 0.2000
0.1806 0.0000 0.2000 0.1806 1.0000 0.2000
0.1812 0.0000 0.2000 0.1812 1.0000 0.2000
0.1818 0.0000 0.2000 0.1818 1.0000 0.2000
0.1824 0.0000 0.2000 0.1824 1.0000 0.2000
0.1830 0.0000 0.2000 0.1830 1.0000 0.2000
0.1836 0.0000 0.2000 0.1836 1.0000 0.2000
0.1842 0.0000 0.2000 0.1842 1.0000 0.2000
0.1848 0.0000 0.2000 0.1848 1.0000 0.2000
0.1854 0.0000 0.2000 0.1854 1.0000 0.2000
0.1860 0.0000 0.2000 0.1860 1.0000 0.2000
0.1866 0.0000 0.2000 0.1866 1.0000 0.2000
0.1872 0.0000 0.2000 0.1872 1.0000 0.2000
0.1878 0.0000 0.2000 0.1878 1.0000 0.2000
0.1884 0.0000 0.2000 0.1884 1.0000 0.2000
0.1890 0.0000 0.2000 0.1890 1.0000 0.2000
0.1896 0.0000 0.2000 0.1896 1.0000 0.2000
0.1902 0.0000 0.2000 0.1902 1.0000 0.2000
0.1908 0.0000 0.2000 0.1908 1.0000 0.2000
0.1914 0.0000 0.2000 0.1914 1.0000 0.2000
0.1920 0.0000 0.2000 0.1920 1.0000 0.2000
0.1926 0.0000 0.2000 0.1926 1.0000 0.2000
0.1932 0.0000 0.2000 0.1932 1.0000 0.2000
0.1938 0.0000 0.2000 0.1938 1.0000 0.2000
0.1944 0.0000 0.2000 0.1944 1.0000 0.2000
0.1950 0.0000 0.2000 0.1950 1.0000 0.2000
0.1956 0.0000 0.2000 0.1956 1.0000 0.2000
0.1962 0.0000 0.2000 0.1962 1.0000 0.2000
0.1968 0.0000 0.2000 0.1968 1.0000 0.2000
0.1974 0.0000 0.2000 0.1974 1.0000 0.2000
0.1980 0.0000 0.2000 0.1980 1.0000 0.2000
0.1986 0.0000 0.2000 0.1986 1.0000 0.2000
0.1992 0.0000 0.2000 0.1992 1.0000 0.2000
0.1998 0.0000 0.2000 0.1998 1.0000 0.2000
0.2004 0.0000 0.2000 0.2004 1.0000 0.2000
0.2010 0.0000 0.2000 0.2010 1.0000 0.2000
0.2016 0.0000 0.2000 0.2016 1.0000 0.2000
0.2022 0.0000 0.2000 0.2022 1.0000 0.2000
0.2028 0.0000 0.2000 0.2028 1.0000 0.2000
0.2034 0.0000 0.2000 0.2034 1.0000 0.2000
0.2040 0.0000 0.2000 0.2040 1.0000 0.2000
0.2046 0.0000 0.2000 0.2046 1.0000 0.2000
0.2052 0.0000 0.2000 0.2052 1.0000 0.2000
0.2058 0.0000 0.2000 0.2058 1.0000 0.2000
0.2064 0.0000 0.2000 0.2064 1.0000 0.2000
0.2070 0.0000 0.2000 0.2070 1.0000 0.2000
0.2076 0.0000 0.2000 0.2076 1.0000 0.2000
0.2082 0.0000 0.2000 0.2082 1.0000 0.2000
0.2088 0.0000 0.2000 0.2088 1.0000 0.2000
0.2094 0.0000 0.2000 0.2094 1.0000 0.2000
0.2100 0.0000 0.2000 0.2100 1.0000 0.2000
0.2106 0.0000 0.2000 0.2106 1.0000 0.2000
0.2112 0.0000 0.2000 0.2112 1.0000 0.2000
0.2118 0.0000 0.2000 0.2118 1.0000 0.2000
0.2124 0.0000 0.2000 0.2124 1.0000 0.2000
0.2130 0.0000 0.2000 0.2130 1.0000 0.2000
0.2136 0.0000 0.2000 0.2136 1.0000 0.2000
0.2142 0.0000 0.2000 0.2142 1.0000 0.2000
0.2148 0.0000 0.2000 0.2148 1.0000 0.2000
0.2154 0.0000 0.2000 0.2154 1.0000 0.2000
0.2160 0.0000 0.2000 0.2160 1.0000 0.2000
0.2166 0.0000 0.2000 0.2166 1.0000 0.2000
0.2172 0.0000 0.2000 0.2172 1.0000 0.2000
0.2178 0.0000 0.2000 0.2178 1.0000 0.2000
0.2184 0.0000 0.2000 0.2184 1.0000 0.2000
0.2190 0.0000 0.2000 0.2190 1.0000 0.2000
0.2196 0.0000 0.2000 0.2196 1.0000 0.2000
0.2202 0.0000 0.2000 0.2202 1.0000 0.2000
0.2208 0.0000 0.2000 0.2208 1.0000 0.2000
0.2214 0.0000 0.2000 0.2214 1.0000 0.2000
0.2220 0.0000 0.2000 0.2220 1.0000 0.2000
0.2226 0.0000 0.2000 0.2226 1.0000 0.2000
0.2232 0.0000 0.2000 0.2232 1.0000 0.2000
0.2238 0.0000 0.2000 0.2238 1.0000 0.2000
0.2244 0.0000 0.2000 0.2244 1.0000 0.2000
0.2250 0.0000 0.2000 0.2250 1.0000 0.2000
0.2256 0.0000 0.2000 0.2256 1.0000 0.2000
0.2262 0.0000 0.2000 0.2262 1.0000 0.2000
0.2268 0.0000 0.2000 0.2268 1.0000 0.2000
0.2274 0.0000 0.2000 0.2274 1.0000 0.2000
0.2280 0.0000 0.2000 0.2280 1.0000 0.2000
0.2286 0.0000 0.2000 0.2286 1.0000 0.2000
0.2292 0.0000 0.2000 0.2292 1.0000 0.2000
0.2298 0.0000 0.2000 0.2298 1.0000 0.2000
0.2304 0.0000 0.2000 0.2304 1.0000 0.2000
0.2310 0.0000 0.2000 0.2310 1.0000 0.2000
0.2316 0.0000 0.2000 0.2316 1.0000 0.2000
0.2322 0.0000 0.2000 0.2322 1.0000 0.2000
0.2328 0.0000 0.2000 0.2328 1.0000 0.2000
0.2334 0.0000 0.2000 0.2334 1.0000 0.2000
0.2340 0.0000 0.2000 0.2340 1.0000 0.2000
0.2346 0.0000 0.2000 0.2346 1.0000 0.2000
0.2352 0.0000 0.2000 0.2352 1.0000 0.2000
0.2358 0.0000 0.2000 0.2358 1.0000 0.2000
0.2364 0.0000 0.2000 0.2364 1.0000 0.2000
0.2370 0.0000 0.2000 0.2370 1.0000 0.2000
0.2376 0.0000 0.2000 0.2376 1.0000 0.2000
0.2382 0.0000 0.2000 0.2382 1.0000 0.2000
0.2388 0.0000 0.2000 0.2388 1.0000 0.2000
0.2394 0.0000 0.2000 0.2394 1.0000 0.2000
0.2400 0.0000 0.2000 0.2400 1.0000 0.2000
0.2406 0.0000 0.2000 0.2406 1.0000 0.2000
0.2412 0.0000 0.2000 0.2412 1.0000 0.2000
0.2418 0.0000 0.2000 0.2418 1.0000 0.2000
0.2424 0.0000 0.2000 0.2424 1.0000 0.2000
0.2430 0.0000 0.2000 0.2430 1.0000 0.2000
0.2436 0.0000 0.2000 0.2436 1.0000 0.2000
0.2442 0.0000 0.2000 0.2442 1.0000 0.2000
0.2448 0.0000 0.2000 0.2448 1.0000 0.2000
0.2454 0.0000 0.2000 0.2454 1.0000 0.2000
0.2460 0.0000 0.2000 0.2460 1.0000 0.2000
0.2466 0.0000 0.2000 0.2466 1.0000 0.2000
0.2472 0.0000 0.2000 0.2472 1.0000 0.2000
0.2478 0.0000 0.2000 0.2478 1.0000 0.2000
0.2484 0.0000 0.2000 0.2484 1.0000 0.2000
0.2490 0.0000 0.2000 0.2490 1.0000 0.2000
0.2496 0.0000 0.2000 0.2496 1.0000 0.2000
0.2501 0.0000 0.2000 0.2501 1.0000 0.2000
0.2507 0.0000 0.2000 0.2507 1.0000 0.2000
0.2513 0.0000 0.2000 0.2513 1.0000 0.2000
0.2519 0.0000 0.2000 0.2519 1.0000 0.2000
0.2525 0.0000 0.2000 0.2525 1.0000 0.2000
0.2531 0.0000 0.2000 0.2531 1.0000 0.2000
0.2537 0.0000 0.2000 0.2537 1.0000 0.2000
0.2543 0.0000 0.2000 0.2543 1.0000 0.2000
0.2549 0.0000 0.2000 0.2549 1.0000 0.2000
0.2555 0.0000 0.2000 0.2555 1.0000 0.2000
0.2561 0.0000 0.2000 0.2561 1.0000 0.2000
0.2567 0.0000 0.2000 0.2567 1.0000 0.2000
0.2573 0.0000 0.2000 0.2573 1.0000 0.2000
0.2579 0.0000 0.2000 0.2579 1.0000 0.2000
0.2585 0.0000 0.2000 0.2585 1.0000 0.2000
0.2591 0.0000 0.2000 0.2591 1.0000 0.2000
0.2597 0.0000 0.2000 0.2597 1.0000 0.2000
0.2603 0.0000 0.2000 0.2603 1.0000 0.2000
0.2609 0.0000 0.2000 0.2609 1.0000 0.2000
0.2615 0.0000 0.2000 0.2615 1.0000 0.2000
0.2621 0.0000 0.2000 0.2621 1.0000 0.2000
0.2627 0.0000 0.2000 0.2627 1.0000 0.2000
0.2633 0.0000 0.2000 0.2633 1.0000 0.2000
0.2639 0.0000 0.2000 0.2639 1.0000 0.2000
0.2645 0.0000 0.2000 0.2645 1.0000 0.2000
0.2651 0.0000 0.2000 0.2651 1.0000 0.2000
0.2657 0.0000 0.2000 0.2657 1.0000 0.2000
0.2663 0.0000 0.2000 0.2663 1.0000 0.2000
0.2669 0.0000 0.2000 0.2669 1.0000 0.2000
0.2675 0.0000 0.2000 0.2675 1.0000 0.2000
0.2681 0.0000 0.2000 0.2681 1.0000 0.2000
0.2687 0.0000 0.2000 0.2687 1.0000 0.2000
0.2693 0.0000 0.2000 0.2693 1.0000 0.2000
0.2699 0.0000 0.2000 0.2699 1.0000 0.2000
0.2705 0.0000 0.2000 0.2705 1.0000 0.2000
0.2711 0.0000 0.2000 0.2711 1.0000 0.2000
0.2717 0.0000 0.2000 0.2717 1.0000 0.2000
0.2723 0.0000 0.2000 0.2723 1.0000 0.2000
0.2729 0.0000 0.2000 0.2729 1.0000 0.2000
0.2735 0.0000 0.2000 0.2735 1.0000 0.2000
0.2741 0.0000 0.2000 0.2741 1.0000 0.2000
0.2747 0.0000 0.2000 0.2747 1.0000 0.2000
0.2753 0.0000 0.2000 0.2753 1.0000 0.2000
0.2759 0.0000 0.2000 0.2759 1.0000 0.2000
0.2765 0.0000 0.2000 0.2765 1.0000 0.2000
0.2771 0.0000 0.2000 0.2771 1.0000 0.2000
0.2777 0.0000 0.2000 0.2777 1.0000 0.2000
0.2783 0.0000 0.2000 0.2783 1.0000 0.2000
0.2789 0.0000 0.2000 0.2789 1.0000 0.2000
0.2795 0.0000 0.2000 0.2795 1.0000 0.2000
0.2801 0.0000 0.2000 0.2801 1.0000 0.2000
0.2807 0.0000 0.2000 0.2807 1.0000 0.2000
0.2813 0.0000 0.2000 0.2813 1.0000 0.2000
0.2819 0.0000 0.2000 0.2819 1.0000 0.2000
0.2825 0.0000 0.2000 0.2825 1.0000 0.2000
0.2831 0.0000 0.2000 0.2831 1.0000 0.2000
0.2837 0.0000 0.2000 0.2837 1.0000 0.2000
0.2843 0.0000 0.2000 0.2843 1.0000 0.2000
0.2849 0.0000 0.2000 0.2849 1.0000 0.2000
0.2855 0.0000 0.2000 0.2855 1.0000 0.2000
0.2861 0.0000 0.2000 0.2861 1.0000 0.2000
0.2867 0.0000 0.2000 0.2867 1.0000 0.2000
0.2873 0.0000 0.2000 0.2873 1.0000 0.2000
0.2879 0.0000 0.2000 0.2879 1.0000 0.2000
0.2885 0.0000 0.2000 0.2885 1.0000 0.2000
0.2891 0.0000 0.2000 0.2891 1.0000 0.2000
0.2897 0.0000 0.2000 0.2897 1.0000 0.2000
0.2903 0.0000 0.2000 0.2903 1.0000 0.2000
0.2909 0.0000 0.2000 0.2909 1.0000 0.2000
0.2915 0.0000 0.2000 0.2915 1.0000 0.2000
0.2921 0.0000 0.2000 0.2921 1.0000 0.2000
0.2927 0.0000 0.2000 0.2927 1.0000 0.2000
0.2933 0.0000 0.2000 0.2933 1.0000 0.2000
0.2939 0.0000 0.2000 0.2939 1.0000 0.2000
0.2945 0.0000 0.2000 0.2945 1.0000 0.2000
0.2951 0.0000 0.2000 0.2951 1.0000 0.2000
0.2957 0.0000 0.2000 0.2957 1.0000 0.2000
0.2963 0.0000 0.2000 0.2963 1.0000 0.2000
0.2969 0.0000 0.2000 0.2969 1.0000 0.2000
0.2975 0.0000 0.2000 0.2975 1.0000 0.2000
0.2981 0.0000 0.2000 0.2981 1.0000 0.2000
0.2987 0.0000 0.2000 0.2987 1.0000 0.2000
0.2993 0.0000 0.2000 0.2993 1.0000 0.2000
0.2999 0.0000 0.2000 0.2999 1.0000 0.2000
0.3005 0.0000 0.2000 0.3005 1.0000 0.2000
0.3011 0.0000 0.2000 0.3011 1.0000 0.2000
0.3017 0.0000 0.2000 0.3017 1.0000 0.2000
0.3023 0.0000 0.2000 0.3023 1.0000 0.2000
0.3029 0.0000 0.2000 0.3029 1.0000 0.2000
0.3035 0.0000 0.2000 0.3035 1.0000 0.2000
0.3041 0.0000 0.2000 0.3041 1.0000 0.2000
0.3047 0.0000 0.2000 0.3047 1.0000 0.2000
0.3053 0.0000 0.2000 0.3053 1.0000 0.2000
0.3059 0.0000 0.2000 0.3059 1.0000 0.2000
0.3065 0.0000 0.2000 0.3065 1.0000 0.2000
0.3071 0.0000 0.2000 0.3071 1.0000 0.2000
0.3077 0.0000 0.2000 0.3077 1.0000 0.2000
0.3083 0.0000 0.2000 0.3083 1.0000 0.2000
0.3089 0.0000 0.2000 0.3089 1.0000 0.2000
0.3095 0.0000 0.2000 0.3095 1.0000 0.2000
0.3101 0.0000 0.2000 0.3101 1.0000 0.2000
0.3107 0.0000 0.2000 0.3107 1.0000 0.2000
0.3113 0.0000 0.2000 0.3113 1.0000 0.2000
0.3119 0.0000 0.2000 0.3119 1.0000 0.2000
0.3125 0.0000 0.2000 0.3125 1.0000 0.2000
0.3131 0.0000 0.2000 0.3131 1.0000 0.2000
0.3137 0.0000 0.2000 0.3137 1.0000 0.2000
0.3143 0.0000 0.2000 0.3143 1.0000 0.2000
0.3149 0.0000 0.2000 0.3149 1.0000 0.2000
0.3155 0.0000 0.2000 0.3155 1.0000 0.2000
0.3161 0.0000 0.2000 0.3161 1.0000 0.2000
0.3167 0.0000 0.2000 0.3167 1.0000 0.2000
0.3173 0.0000 0.2000 0.3173 1.0000 0.2000
0.3179 0.0000 0.2000 0.3179 1.0000 0.2000
0.3185 0.0000 0.2000 0.3185 1.0000 0.2000
0.3191 0.0000 0.2000 0.3191 1.0000 0.2000
0.3197 0.0000 0.2000 0.3197 1.0000 0.2000
0.3203 0.0000 0.2000 0.3203 1.0000 0.2000
0.3209 0.0000 0.2000 0.3209 1.0000 0.2000
0.3215 0.0000 0.2000 0.3215 1.0000 0.2000
0.3221 0.0000 0.2000 0.3221 1.0000 0.2000
0.3227 0.0000 0.2000 0.3227 1.0000 0.2000
0.3233 0.0000 0.2000 0.3233 1.0000 0.2000
0.3239 0.0000 0.2000 0.3239 1.0000 0.2000
0.3245 0.0000 0.2000 0.3245 1.0000 0.2000
0.3251 0.0000 0.2000 0.3251 1.0000 0.2000
0.3257 0.0000 0.2000 0.3257 1.0000 0.2000
0.3263 0.0000 0.2000 0.3263 1.0000 0.2000
0.3269 0.0000 0.2000 0.3269 1.0000 0.2000
0.3275 0.0000 0.2000 0.3275 1.0000 0.2000
0.3281 0.0000 0.2000 0.3281 1.0000 0.2000
0.3287 0.0000 0.2000 0.3287 1.0000 0.2000
0.3293 0.0000 0.2000 0.3293 1.0000 0.2000
0.3299 0.0000 0.2000 0.3299 1.0000 0.2000
0.3305 0.0000 0.2000 0.3305 1.0000 0.2000
0.3311 0.0000 0.2000 0.3311 1.0000 0.2000
0.3317 0.0000 0.2000 0.3317 1.0000 0.2000
0.3323 0.0000 0.2000 0.3323 1.0000 0.2000
0.3329 0.0000 0.2000 0.3329 1.0000 0.2000
0.3335 0.0000 0.2000 0.3335 1.0000 0.2000
0.3341 0.0000 0.2000 0.3341 1.0000 0.2000
0.3347 0.0000 0.2000 0.3347 1.0000 0.2000
0.3353 0.0000 0.2000 0.3353 1.0000 0.2000
0.3359 0.0000 0.2000 0.3359 1.0000 0.2000
0.3365 0.0000 0.2000 0.3365 1.0000 0.2000
0.3371 0.0000 0.2000 0.3371 1.0000 0.2000
0.3377 0.0000 0.2000 0.3377 1.0000 0.2000
0.3383 0.0000 0.2000 0.3383 1.0000 0.2000
0.3389 0.0000 0.2000 0.3389 1.0000 0.2000
0.3395 0.0000 0.2000 0.3395 1.0000 0.2000
0.3401 0.0000 0.2000 0.3401 1.0000 0.2000
0.3407 0.0000 0.2000 0.3407 1.0000 0.2000
0.3413 0.0000 0.2000 0.3413 1.0000 0.2000
0.3419 0.0000 0.2000 0.3419 1.0000 0.2000
0.3425 0.0000 0.2000 0.3425 1.0000 0.2000
0.3431 0.0000 0.2000 0.3431 1.0000 0.2000
0.3437 0.0000 0.2000 0.3437 1.0000 0.2000
0.3443 0.0000 0.2000 0.3443 1.0000 0.2000
0.3449 0.0000 0.2000 0.3449 1.0000 0.2000
0.3455 0.0000 0.2000 0.3455 1.0000 0.2000
0.3461 0.0000 0.2000 0.3461 1.0000 0.2000
0.3467 0.0000 0.2000 0.3467 1.0000 0.2000
0.3473 0.0000 0.2000 0.3473 1.0000 0.2000
0.3479 0.0000 0.2000 0.3479 1.0000 0.2000
0.3485 0.0000 0.2000 0.3485 1.0000 0.2000
0.3491 0.0000 0.2000 0.3491 1.0000 0.2000
0.3497 0.0000 0.2000 0.3497 1.0000 0.2000
0.3503 0.0000 0.2000 0.3503 1.0000 0.2000
0.3509 0.0000 0.2000 0.3509 1.0000 0.2000
0.3515 0.0000 0.2000 0.3515 1.0000 0.2000
0.3521 0.0000 0.2000 0.3521 1.0000 0.2000
0.3527 0.0000 0.2000 0.3527 1.0000 0.2000
0.3533 0.0000 0.2000 0.3533 1.0000 0.2000
0.3539 0.0000 0.2000 0.3539 1.0000 0.2000
0.3545 0.0000 0.2000 0.3545 1.0000 0.2000
0.3551 0.0000 0.2000 0.3551 1.0000 0.2000
0.3557 0.0000 0.2000 0.3557 1.0000 0.2000
0.3563 0.0000 0.2000 0.3563 1.0000 0.2000
0.3569 0.0000 0.2000 0.3569 1.0000 0.2000
0.3575 0.0000 0.2000 0.3575 1.0000 0.2000
0.3581 0.0000 0.2000 0.3581 1.0000 0.2000
0.3587 0.0000 0.2000 0.3587 1.0000 0.2000
0.3593 0.0000 0.2000 0.3593 1.0000 0.2000
0.3599 0.0000 0.2000 0.3599 1.0000 0.2000
0.3605 0.0000 0.2000 0.3605 1.0000 0.2000
0.3611 0.0000 0.2000 0.3611 1.0000 0.2000
0.3617 0.0000 0.2000 0.3617 1.0000 0.2000
0.3623 0.0000 0.2000 0.3623 1.0000 0.2000
0.3629 0.0000 0.2000 0.3629 1.0000 0.2000
0.3635 0.0000 0.2000 0.3635 1.0000 0.2000
0.3641 0.0000 0.2000 0.3641 1.0000 0.2000
0.3647 0.0000 0.2000 0.3647 1.0000 0.2000
0.3653 0.0000 0.2000 0.3653 1.0000 0.2000
0.3659 0.0000 0.2000 0.3659 1.0000 0.2000
0.3665 0.0000 0.2000 0.3665 1.0000 0.2000
0.3671 0.0000 0.2000 0.3671 1.0000 0.2000
0.3677 0.0000 0.2000 0.3677 1.0000 0.2000
0.3683 0.0000 0.2000 0.3683 1.0000 0.2000
0.3689 0.0000 0.2000 0.3689 1.0000 0.2000
0.3695 0.0000 0.2000 0.3695 1.0000 0.2000
0.3701 0.0000 0.2000 0.3701 1.0000 0.2000
0.3707 0.0000 0.2000 0.3707 1.0000 0.2000
0.3713 0.0000 0.2000 0.3713 1.0000 0.2000
0.3719 0.0000 0.2000 0.3719 1.0000 0.2000
0.3725 0.0000 0.2000 0.3725 1.0000 0.2000
0.3731 0.0000 0.2000 0.3731 1.0000 0.2000
0.3737 0.0000 0.2000 0.3737 1.0000 0.2000
0.3743 0.0000 0.2000 0.3743 1.0000 0.2000
0.3749 0.0000 0.2000 0.3749 1.0000 0.2000
0.3755 0.0000 0.2000 0.3755 1.0000 0.2000
0.3761 0.0000 0.2000 0.3761 1.0000 0.2000
0.3767 0.0000 0.2000 0.3767 1.0000 0.2000
0.3773 0.0000 0.2000 0.3773 1.0000 0.2000
0.3779 0.0000 0.2000 0.3779 1.0000 0.2000
0.3785 0.0000 0.2000 0.3785 1.0000 0.2000
0.3791 0.0000 0.2000 0.3791 1.0000 0.2000
0.3797 0.0000 0.2000 0.3797 1.0000 0.2000
0.3803 0.0000 0.2000 0.3803 1.0000 0.2000
0.3809 0.0000 0.2000 0.3809 1.0000 0.2000
0.3815 0.0000 0.2000 0.3815 1.0000 0.2000
0.3821 0.0000 0.2000 0.3821 1.0000 0.2000
0.3827 0.0000 0.2000 0.3827 1.0000 0.2000
0.3833 0.0000 0.2000 0.3833 1.0000 0.2000
0.3839 0.0000 0.2000 0.3839 1.0000 0.2000
0.3845 0.0000 0.2000 0.3845 1.0000 0.2000
0.3851 0.0000 0.2000 0.3851 1.0000 0.2000
0.3857 0.0000 0.2000 0.3857 1.0000 0.2000
0.3863 0.0000 0.2000 0.3863 1.0000 0.2000
0.3869 0.0000 0.2000 0.3869 1.0000 0.2000
0.3875 0.0000 0.2000 0.3875 1.0000 0.2000
0.3881 0.0000 0.2000 0.3881 1.0000 0.2000
0.3887 0.0000 0.2000 0.3887 1.0000 0.2000
0.3893 0.0000 0.2000 0.3893 1.0000 0.2000
0.3899 0.0000 0.2000 0.3899 1.0000 0.2000
0.3905 0.0000 0.2000 0.3905 1.0000 0.2000
0.3911 0.0000 0.2000 0.3911 1.0000 0.2000
0.3917 0.0000 0.2000 0.3917 1.0000 0.2000
0.3923 0.0000 0.2000 0.3923 1.0000 0.2000
0.3929 0.0000 0.2000 0.3929 1.0000 0.2000
0.3935 0.0000 0.2000 0.3935 1.0000 0.2000
0.3941 0.0000 0.2000 0.3941 1.0000 0.2000
0.3947 0.0000 0.2000 0.3947 1.0000 0.2000
0.3953 0.0000 0.2000 0.3953 1.0000 0.2000
0.3959 0.0000 0.2000 0.3959 1.0000 0.2000
0.3965 0.0000 0.2000 0.3965 1.0000 0.2000
0.3971 0.0000 0.2000 0.3971 1.0000 0.2000
0.3977 0.0000 0.2000 0.3977 1.0000 0.2000
0.3983 0.0000 0.2000 0.3983 1.0000 0.2000
0.3989 0.0000 0.2000 0.3989 1.0000 0.2000
0.3995 0.0000 0.2000 0.3995 1.0000 0.2000
0.4001 0.0000 0.2000 0.4001 1.0000 0.2000
0.4007 0.0000 0.2000 0.4007 1.0000 0.2000
0.4013 0.0000 0.2000 0.4013 1.0000 0.2000
0.4019 0.0000 0.2000 0.4019 1.0000 0.2000
0.4025 0.0000 0.2000 0.4025 1.0000 0.2000
0.4031 0.0000 0.2000 0.4031 1.0000 0.2000
0.4037 0.0000 0.2000 0.4037 1.0000 0.2000
0.4043 0.0000 0.2000 0.4043 1.0000 0.2000
0.4049 0.0000 0.2000 0.4049 1.0000 0.2000
0.4055 0.0000 0.2000 0.4055 1.0000 0.2000
0.4061 0.0000 0.2000 0.4061 1.0000 0.2000
0.4067 0.0000 0.2000 0.4067 1.0000 0.2000
0.4073 0.0000 0.2000 0.4073 1.0000 0.2000
0.4079 0.0000 0.2000 0.4079 1.0000 0.2000
0.4085 0.0000 0.2000 0.4085 1.0000 0.2000
0.4091 0.0000 0.2000 0.4091 1.0000 0.2000
0.4097 0.0000 0.2000 0.4097 1.0000 0.2000
0.4103 0.0000 0.2000 0.4103 1.0000 0.2000
0.4109 0.0000 0.2000 0.4109 1.0000 0.2000
0.4115 0.0000 0.2000 0.4115 1.0000 0.2000
0.4121 0.0000 0.2000 0.4121 1.0000 0.2000
0.4127 0.0000 0.2000 0.4127 1.0000 0.2000
0.4133 0.0000 0.2000 0.4133 1.0000 0.2000
0.4139 0.0000 0.2000 0.4139 1.0000 0.2000
0.4145 0.0000 0.2000 0.4145 1.0000 0.2000
0.4151 0.0000 0.2000 0.4151 1.0000 0.2000
0.4157 0.0000 0.2000 0.4157 1.0000 0.2000
0.4163 0.0000 0.2000 0.4163 1.0000 0.2000
0.4169 0.0000 0.2000 0.4169 1.0000 0.2000
0.4175 0.0000 0.2000 0.4175 1.0000 0.2000
0.4181 0.0000 0.2000 0.4181 1.0000 0.2000
0.4187 0.0000 0.2000 0.4187 1.0000 0.2000
0.4193 0.0000 0.2000 0.4193 1.0000 0.2000
0.4199 0.0000 0.2000 0.4199 1.0000 0.2000
0.4205 0.0000 0.2000 0.4205 1.0000 0.2000
0.4211 0.0000 0.2000 0.4211 1.0000 0.2000
0.4217 0.0000 0.2000 0.4217 1.0000 0.2000
0.4223 0.0000 0.2000 0.4223 1.0000 0.2000
0.4229 0.0000 0.2000 0.4229 1.0000 0.2000
0.4235 0.0000 0.2000 0.4235 1.0000 0.2000
0.4241 0.0000 0.2000 0.4241 1.0000 0.2000
0.4247 0.0000 0.2000 0.4247 1.0000 0.2000
0.4253 0.0000 0.2000 0.4253 1.0000 0.2000
0.4259 0.0000 0.2000 0.4259 1.0000 0.2000
0.4265 0.0000 0.2000 0.4265 1.0000 0.2000
0.4271 0.0000 0.2000 0.4271 1.0000 0.2000
0.4277 0.0000 0.2000 0.4277 1.0000 0.2000
0.4283 0.0000 0.2000 0.4283 1.0000 0.2000
0.4289 0.0000 0.2000 0.4289 1.0000 0.2000
0.4295 0.0000 0.2000 0.4295 1.0000 0.2000
0.4301 0.0000 0.2000 0.4301 1.0000 0.2000
0.4307 0.0000 0.2000 0.4307 1.0000 0.2000
0.4313 0.0000 0.2000 0.4313 1.0000 0.2000
0.4319 0.0000 0.2000 0.4319 1.0000 0.2000
0.4325 0.0000 0.2000 0.4325 1.0000 0.2000
0.4331 0.0000 0.2000 0.4331 1.0000 0.2000
0.4337 0.0000 0.2000 0.4337 1.0000 0.2000
0.4343 0.0000 0.2000 0.4343 1.0000 0.2000
0.4349 0.0000 0.2000 0.4349 1.0000 0.2000
0.4355 0.0000 0.2000 0.4355 1.0000 0.2000
0.4361 0.0000 0.2000 0.4361 1.0000 0.2000
0.4367 0.0000 0.2000 0.4367 1.0000 0.2000
0.4373 0.0000 0.2000 0.4373 1.0000 0.2000
0.4379 0.0000 0.2000 0.4379 1.0000 0.2000
0.4385 0.0000 0.2000 0.4385 1.0000 0.2000
0.4391 0.0000 0.2000 0.4391 1.0000 0.2000
0.4397 0.0000 0.2000 0.4397 1.0000 0.2000
0.4403 0.0000 0.2000 0.4403 1.0000 0.2000
0.4409 0.0000 0.2000 0.4409 1.0000 0.2000
0.4415 0.0000 0.2000 0.4415 1.0000 0.2000
0.4421 0.0000 0.2000 0.4421 1.0000 0.2000
0.4427 0.0000 0.2000 0.4427 1.0000 0.2000
0.4433 0.0000 0.2000 0.4433 1.0000 0.2000
0.4439 0.0000 0.2000 0.4439 1.0000 0.2000
0.4445 0.0000 0.2000 0.4445 1.0000 0.2000
0.4451 0.0000 0.2000 0.4451 1.0000 0.2000
0.4457 0.0000 0.2000 0.4457 1.0000 0.2000
0.4463 0.0000 0.2000 0.4463 1.0000 0.2000
0.4469 0.0000 0.2000 0.4469 1.0000 0.2000
0.4475 0.0000 0.2000 0.4475 1.0000 0.2000
0.4481 0.0000 0.2000 0.4481 1.0000 0.2000
0.4487 0.0000 0.2000 0.4487 1.0000 0.2000
0.4493 0.0000 0.2000 0.4493 1.0000 0.2000
0.4499 0.0000 0.2000 0.4499 1.0000 0.2000
0.4505 0.0000 0.2000 0.4505 1.0000 0.2000
0.4511 0.0000 0.2000 0.4511 1.0000 0.2000
0.4517 0.0000 0.2000 0.4517 1.0000 0.2000
0.4523 0.0000 0.2000 0.4523 1.0000 0.2000
0.4529 0.0000 0.2000 0.4529 1.0000 0.2000
0.4535 0.0000 0.2000 0.4535 1.0000 0.2000
0.4541 0.0000 0.2000 0.4541 1.0000 0.2000
0.4547 0.0000 0.2000 0.4547 1.0000 0.2000
0.4553 0.0000 0.2000 0.4553 1.0000 0.2000
0.4559 0.0000 0.2000 0.4559 1.0000 0.2000
0.4565 0.0000 0.2000 0.4565 1.0000 0.2000
0.4571 0.0000 0.2000 0.4571 1.0000 0.2000
0.4577 0.0000 0.2000 0.4577 1.0000 0.2000
0.4583 0.0000 0.2000 0.4583 1.0000 0.2000
0.4589 0.0000 0.2000 0.4589 1.0000 0.2000
0.4595 0.0000 0.2000 0.4595 1.0000 0.2000
0.4601 0.0000 0.2000 0.4601 1.0000 0.2000
0.4607 0.0000 0.2000 0.4607 1.0000 0.2000
0.4613 0.0000 0.2000 0.4613 1.0000 0.2000
0.4619 0.0000 0.2000 0.4619 1.0000 0.2000
0.4625 0.0000 0.2000 0.4625 1.0000 0.2000
0.4631 0.0000 0.2000 0.4631 1.0000 0.2000
0.4637 0.0000 0.2000 0.4637 1.0000 0.2000
0.4643 0.0000 0.2000 0.4643 1.0000 0.2000
0.4649 0.0000 0.2000 0.4649 1.0000 0.2000
0.4655 0.0000 0.2000 0.4655 1.0000 0.2000
0.4661 0.0000 0.2000 0.4661 1.0000 0.2000
0.4667 0.0000 0.2000 0.4667 1.0000 0.2000
0.4673 0.0000 0.2000 0.4673 1.0000 0.2000
0.4679 0.0000 0.2000 0.4679 1.0000 0.2000
0.4685 0.0000 0.2000 0.4685 1.0000 0.2000
0.4691 0.0000 0.2000 0.4691 1.0000 0.2000
0.4697 0.0000 0.2000 0.4697 1.0000 0.2000
0.4703 0.0000 0.2000 0.4703 1.0000 0.2000
0.4709 0.0000 0.2000 0.4709 1.0000 0.2000
0.4715 0.0000 0.2000 0.4715 1.0000 0.2000
0.4721 0.0000 0.2000 0.4721 1.0000 0.2000
0.4727 0.0000 0.2000 0.4727 1.0000 0.2000
0.4733 0.0000 0.2000 0.4733 1.0000 0.2000
0.4739 0.0000 0.2000 0.4739 1.0000 0.2000
0.4745 0.0000 0.2000 0.4745 1.0000 0.2000
0.4751 0.0000 0.2000 0.4751 1.0000 0.2000
0.4757 0.0000 0.2000 0.4757 1.0000 0.2000
0.4763 0.0000 0.2000 0.4763 1.0000 0.2000
0.4769 0.0000 0.2000 0.4769 1.0000 0.2000
0.4775 0.0000 0.2000 0.4775 1.0000 0.2000
0.4781 0.0000 0.2000 0.4781 1.0000 0.2000
0.4787 0.0000 0.2000 0.4787 1.0000 0.2000
0.4793 0.0000 0.2000 0.4793 1.0000 0.2000
0.4799 0.0000 0.2000 0.4799 1.0000 0.2000
0.4805 0.0000 0.2000 0.4805 1.0000 0.2000
0.4811 0.0000 0.2000 0.4811 1.0000 0.2000
0.4817 0.0000 0.2000 0.4817 1.0000 0.2000
0.4823 0.0000 0.2000 0.4823 1.0000 0.2000
0.4829 0.0000 0.2000 0.4829 1.0000 0.2000
0.4835 0.0000 0.2000 0.4835 1.0000 0.2000
0.4841 0.0000 0.2000 0.4841 1.0000 0.2000
0.4847 0.0000 0.2000 0.4847 1.0000 0.2000
0.4853 0.0000 0.2000 0.4853 1.0000 0.2000
0.4859 0.0000 0.2000 0.4859 1.0000 0.2000
0.4865 0.0000 0.2000 0.4865 1.0000 0.2000
0.4871 0.0000 0.2000 0.4871 1.0000 0.2000
0.4877 0.0000 0.2000 0.4877 1.0000 0.2000
0.4883 0.0000 0.2000 0.4883 1.0000 0.2000
0.4889 0.0000 0.2000 0.4889 1.0000 0.2000
0.4895 0.0000 0.2000 0.4895 1.0000 0.2000
0.4901 0.0000 0.2000 0.4901 1.0000 0.2000
0.4907 0.0000 0.2000 0.4907 1.0000 0.2000
0.4913 0.0000 0.2000 0.4913 1.0000 0.2000
0.4919 0.0000 0.2000 0.4919 1.0000 0.2000
0.4925 0.0000 0.2000 0.4925 1.0000 0.2000
0.4931 0.0000 0.2000 0.4931 1.0000 0.2000
0.4937 0.0000 0.2000 0.4937 1.0000 0.2000
0.4943 0.0000 0.2000 0.4943 1.0000 0.2000
0.4949 0.0000 0.2000 0.4949 1.0000 0.2000
0.4955 0.0000 0.2000 0.4955 1.0000 0.2000
0.4961 0.0000 0.2000 0.4961 1.0000 0.2000
0.4967 0.0000 0.2000 0.4967 1.0000 0.2000
0.4973 0.0000 0.2000 0.4973 1.0000 0.2000
0.4979 0.0000 0.2000 0.4979 1.0000 0.2000
0.4985 0.0000 0.2000 0.4985 1.0000 0.2000
0.4991 0.0000 0.2000 0.4991 1.0000 0.2000
0.4997 0.0000 0.2000 0.4997 1.0000 0.2000
0.5003 0.0000 0.2000 0.5003 1.0000 0.2000
0.5009 0.0000 0.2000 0.5009 1.0000 0.2000
0.5015 0.0000 0.2000 0.5015 1.0000 0.2000
0.5021 0.0000 0.2000 0.5021 1.0000 0.2000
0.5027 0.0000 0.2000 0.5027 1.0000 0.2000
0.5033 0.0000 0.2000 0.5033 1.0000 0.2000
0.5039 0.0000 0.2000 0.5039 1.0000 0.2000
0.5045 0.0000 0.2000 0.5045 1.0000 0.2000
0.5051 0.0000 0.2000 0.5051 1.0000 0.2000
0.5057 0.0000 0.2000 0.5057 1.0000 0.2000
0.5063 0.0000 0.2000 0.5063 1.0000 0.2000
0.5069 0.0000 0.2000 0.5069 1.0000 0.2000
0.5075 0.0000 0.2000 0.5075 1.0000 0.2000
0.5081 0.0000 0.2000 0.5081 1.0000 0.2000
0.5087 0.0000 0.2000 0.5087 1.0000 0.2000
0.5093 0.0000 0.2000 0.5093 1.0000 0.2000
0.5099 0.0000 0.2000 0.5099 1.0000 0.2000
0.5105 0.0000 0.2000 0.5105 1.0000 0.2000
0.5111 0.0000 0.2000 0.5111 1.0000 0.2000
0.5117 0.0000 0.2000 0.5117 1.0000 0.2000
0.5123 0.0000 0.2000 0.5123 1.0000 0.2000
0.5129 0.0000 0.2000 0.5129 1.0000 0.2000
0.5135 0.0000 0.2000 0.5135 1.0000 0.2000
0.5141 0.0000 0.2000 0.5141 1.0000 0.2000
0.5147 0.0000 0.2000 0.5147 1.0000 0.2000
0.5153 0.0000 0.2000 0.5153 1.0000 0.2000
0.5159 0.0000 0.2000 0.5159 1.0000 0.2000
0.5165 0.0000 0.2000 0.5165 1.0000 0.2000
0.5171 0.0000 0.2000 0.5171 1.0000 0.2000
0.5177 0.0000 0.2000 0.5177 1.0000 0.2000
0.5183 0.0000 0.2000 0.5183 1.0000 0.2000
0.5189 0.0000 0.2000 0.5189 1.0000 0.2000
0.5195 0.0000 0.2000 0.5195 1.0000 0.2000
0.5201 0.0000 0.2000 0.5201 1.0000 0.2000
0.5207 0.0000 0.2000 0.5207 1.0000 0.2000
0.5213 0.0000 0.2000 0.5213 1.0000 0.2000
0.5219 0.0000 0.2000 0.5219 1.0000 0.2000
0.5225 0.0000 0.2000 0.5225 1.0000 0.2000
0.5231 0.0000 0.2000 0.5231 1.0000 0.2000
0.5237 0.0000 0.2000 0.5237 1.0000 0.2000
0.5243 0.0000 0.2000 0.5243 1.0000 0.2000
0.5249 0.0000 0.2000 0.5249 1.0000 0.2000
0.5255 0.0000 0.2000 0.5255 1.0000 0.2000
0.5261 0.0000 0.2000 0.5261 1.0000 0.2000
0.5267 0.0000 0.2000 0.5267 1.0000 0.2000
0.5273 0.0000 0.2000 0.5273 1.0000 0.2000
0.5279 0.0000 0.2000 0.5279 1.0000 0.2000
0.5285 0.0000 0.2000 0.5285 1.0000 0.2000
0.5291 0.0000 0.2000 0.5291 1.0000 0.2000
0.5297 0.0000 0.2000 0.5297 1.0000 0.2000
0.5303 0.0000 0.2000 0.5303 1.0000 0.2000
0.5309 0.0000 0.2000 0.5309 1.0000 0.2000
0.5315 0.0000 0.2000 0.5315 1.0000 0.2000
0.5321 0.0000 0.2000 0.5321 1.0000 0.2000
0.5327 0.0000 0.2000 0.5327 1.0000 0.2000
0.5333 0.0000 0.2000 0.5333 1.0000 0.2000
0.5339 0.0000 0.2000 0.5339 1.0000 0.2000
0.5345 0.0000 0.2000 0.5345 1.0000 0.2000
0.5351 0.0000 0.2000 0.5351 1.0000 0.2000
0.5357 0.0000 0.2000 0.5357 1.0000 0.2000
0.5363 0.0000 0.2000 0.5363 1.0000 0.2000
0.5369 0.0000 0.2000 0.5369 1.0000 0.2000
0.5375 0.0000 0.2000 0.5375 1.0000 0.2000
0.5381 0.0000 0.2000 0.5381 1.0000 0.2000
0.5387 0.0000 0.2000 0.5387 1.0000 0.2000
0.5393 0.0000 0.2000 0.5393 1.0000 0.2000
0.5399 0.0000 0.2000 0.5399 1.0000 0.2000
0.5405 0.0000 0.2000 0.5405 1.0000 0.2000
0.5411 0.0000 0.2000 0.5411 1.0000 0.2000
0.5417 0.0000 0.2000 0.5417 1.0000 0.2000
0.5423 0.0000 0.2000 0.5423 1.0000 0.2000
0.5429 0.0000 0.2000 0.5429 1.0000 0.2000
0.5435 0.0000 0.2000 0.5435 1.0000 0.2000
0.5441 0.0000 0.2000 0.5441 1.0000 0.2000
0.5447 0.0000 0.2000 0.5447 1.0000 0.2000
0.5453 0.0000 0.2000 0.5453 1.0000 0.2000
0.5459 0.0000 0.2000 0.5459 1.0000 0.2000
0.5465 0.0000 0.2000 0.5465 1.0000 0.2000
0.5471 0.0000 0.2000 0.5471 1.0000 0.2000
0.5477 0.0000 0.2000 0.5477 1.0000 0.2000
0.5483 0.0000 0.2000 0.5483 1.0000 0.2000
0.5489 0.0000 0.2000 0.5489 1.0000 0.2000
0.5495 0.0000 0.2000 0.5495 1.0000 0.2000
0.5501 0.0000 0.2000 0.5501 1.0000 0.2000
0.5507 0.0000 0.2000 0.5507 1.0000 0.2000
0.5513 0.0000 0.2000 0.5513 1.0000 0.2000
0.5519 0.0000 0.2000 0.5519 1.0000 0.2000
0.5525 0.0000 0.2000 0.5525 1.0000 0.2000
0.5531 0.0000 0.2000 0.5531 1.0000 0.2000
0.5537 0.0000 0.2000 0.5537 1.0000 0.2000
0.5543 0.0000 0.2000 0.5543 1.0000 0.2000
0.5549 0.0000 0.2000 0.5549 1.0000 0.2000
0.5555 0.0000 0.2000 0.5555 1.0000 0.2000
0.5561 0.0000 0.2000 0.5561 1.0000 0.2000
0.5567 0.0000 0.2000 0.5567 1.0000 0.2000
0.5573 0.0000 0.2000 0.5573 1.0000 0.2000
0.5579 0.0000 0.2000 0.5579 1.0000 0.2000
0.5585 0.0000 0.2000 0.5585 1.0000 0.2000
0.5591 0.0000 0.2000 0.5591 1.0000 0.2000
0.5597 0.0000 0.2000 0.5597 1.0000 0.2000
0.5603 0.0000 0.2000 0.5603 1.0000 0.2000
0.5609 0.0000 0.2000 0.5609 1.0000 0.2000
0.5615 0.0000 0.2000 0.5615 1.0000 0.2000
0.5621 0.0000 0.2000 0.5621 1.0000 0.2000
0.5627 0.0000 0.2000 0.5627 1.0000 0.2000
0.5633 0.0000 0.2000 0.5633 1.0000 0.2000
0.5639 0.0000 0.2000 0.5639 1.0000 0.2000
0.5645 0.0000 0.2000 0.5645 1.0000 0.2000
0.5651 0.0000 0.2000 0.5651 1.0000 0.2000
0.5657 0.0000 0.2000 0.5657 1.0000 0.2000
0.5663 0.0000 0.2000 0.5663 1.0000 0.2000
0.5669 0.0000 0.2000 0.5669 1.0000 0.2000
0.5675 0.0000 0.2000 0.5675 1.0000 0.2000
0.5681 0.0000 0.2000 0.5681 1.0000 0.2000
0.5687 0.0000 0.2000 0.5687 1.0000 0.2000
0.5693 0.0000 0.2000 0.5693 1.0000 0.2000
0.5699 0.0000 0.2000 0.5699 1.0000 0.2000
0.5705 0.0000 0.2000 0.5705 1.0000 0.2000
0.5711 0.0000 0.2000 0.5711 1.0000 0.2000
0.5717 0.0000 0.2000 0.5717 1.0000 0.2000
0.5723 0.0000 0.2000 0.5723 1.0000 0.2000
0.5729 0.0000 0.2000 0.5729 1.0000 0.2000
0.5735 0.0000 0.2000 0.5735 1.0000 0.2000
0.5741 0.0000 0.2000 0.5741 1.0000 0.2000
0.5747 0.0000 0.2000 0.5747 1.0000 0.2000
0.5753 0.0000 0.2000 0.5753 1.0000 0.2000
0.5759 0.0000 0.2000 0.5759 1.0000 0.2000
0.5765 0.0000 0.2000 0.5765 1.0000 0.2000
0.5771 0.0000 0.2000 0.5771 1.0000 0.2000
0.5777 0.0000 0.2000 0.5777 1.0000 0.2000
0.5783 0.0000 0.2000 0.5783 1.0000 0.2000
0.5789 0.0000 0.2000 0.5789 1.0000 0.2000
0.5795 0.0000 0.2000 0.5795 1.0000 0.2000
0.5801 0.0000 0.2000 0.5801 1.0000 0.2000
0.5807 0.0000 0.2000 0.5807 1.0000 0.2000
0.5813 0.0000 0.2000 0.5813 1.0000 0.2000
0.5819 0.0000 0.2000 0.5819 1.0000 0.2000
0.5825 0.0000 0.2000 0.5825 1.0000 0.2000
0.5831 0.0000 0.2000 0.5831 1.0000 0.2000
0.5837 0.0000 0.2000 0.5837 1.0000 0.2000
0.5843 0.0000 0.2000 0.5843 1.0000 0.2000
0.5849 0.0000 0.2000 0.5849 1.0000 0.2000
0.5855 0.0000 0.2000 0.5855 1.0000 0.2000
0.5861 0.0000 0.2000 0.5861 1.0000 0.2000
0.5867 0.0000 0.2000 0.5867 1.0000 0.2000
0.5873 0.0000 0.2000 0.5873 1.0000 0.2000
0.5879 0.0000 0.2000 0.5879 1.0000 0.2000
0.5885 0.0000 0.2000 0.5885 1.0000 0.2000
0.5891 0.0000 0.2000 0.5891 1.0000 0.2000
0.5897 0.0000 0.2000 0.5897 1.0000 0.2000
0.5903 0.0000 0.2000 0.5903 1.0000 0.2000
0.5909 0.0000 0.2000 0.5909 1.0000 0.2000
0.5915 0.0000 0.2000 0.5915 1.0000 0.2000
0.5921 0.0000 0.2000 0.5921 1.0000 0.2000
0.5927 0.0000 0.2000 0.5927 1.0000 0.2000
0.5933 0.0000 0.2000 0.5933 1.0000 0.2000
0.5939 0.0000 0.2000 0.5939 1.0000 0.2000
0.5945 0.0000 0.2000 0.5945 1.0000 0.2000
0.5951 0.0000 0.2000 0.5951 1.0000 0.2000
0.5957 0.0000 0.2000 0.5957 1.0000 0.2000
0.5963 0.0000 0.2000 0.5963 1.0000 0.2000
0.5969 0.0000 0.2000 0.5969 1.0000 0.2000
0.5975 0.0000 0.2000 0.5975 1.0000 0.2000
0.5981 0.0000 0.2000 0.5981 1.0000 0.2000
0.5987 0.0000 0.2000 0.5987 1.0000 0.2000
0.5993 0.0000 0.2000 0.5993 1.0000 0.2000
0.5999 0.0000 0.2000 0.5999 1.0000 0.2000
0.6005 0.0000 0.2000 0.6005 1.0000 0.2000
0.6011 0.0000 0.2000 0.6011 1.0000 0.2000
0.6017 0.0000 0.2000 0.6017 1.0000 0.2000
0.6023 0.0000 0.2000 0.6023 1.0000 0.2000
0.6029 0.0000 0.2000 0.6029 1.0000 0.2000
0.6035 0.0000 0.2000 0.6035 1.0000 0.2000
0.6041 0.0000 0.2000 0.6041 1.0000 0.2000
0.6047 0.0000 0.2000 0.6047 1.0000 0.2000
0.6053 0.0000 0.2000 0.6053 1.0000 0.2000
0.6059 0.0000 0.2000 0.6059 1.0000 0.2000
0.6065 0.0000 0.2000 0.6065 1.0000 0.2000
0.6071 0.0000 0.2000 0.6071 1.0000 0.2000
0.6077 0.0000 0.2000 0.6077 1.0000 0.2000
0.6083 0.0000 0.2000 0.6083 1.0000 0.2000
0.6089 0.0000 0.2000 0.6089 1.0000 0.2000
0.6095 0.0000 0.2000 0.6095 1.0000 0.2000
0.6101 0.0000 0.2000 0.6101 1.0000 0.2000
0.6107 0.0000 0.2000 0.6107 1.0000 0.2000
0.6113 0.0000 0.2000 0.6113 1.0000 0.2000
0.6119 0.0000 0.2000 0.6119 1.0000 0.2000
0.6125 0.0000 0.2000 0.6125 1.0000 0.2000
0.6131 0.0000 0.2000 0.6131 1.0000 0.2000
0.6137 0.0000 0.2000 0.6137 1.0000 0.2000
0.6143 0.0000 0.2000 0.6143 1.0000 0.2000
0.6149 0.0000 0.2000 0.6149 1.0000 0.2000
0.6155 0.0000 0.2000 0.6155 1.0000 0.2000
0.6161 0.0000 0.2000 0.6161 1.0000 0.2000
0.6167 0.0000 0.2000 0.6167 1.0000 0.2000
0.6173 0.0000 0.2000 0.6173 1.0000 0.2000
0.6179 0.0000 0.2000 0.6179 1.0000 0.2000
0.6185 0.0000 0.2000 0.6185 1.0000 0.2000
0.6191 0.0000 0.2000 0.6191 1.0000 0.2000
0.6197 0.0000 0.2000 0.6197 1.0000 0.2000
0.6203 0.0000 0.2000 0.6203 1.0000 0.2000
0.6209 0.0000 0.2000 0.6209 1.0000 0.2000
0.6215 0.0000 0.2000 0.6215 1.0000 0.2000
0.6221 0.0000 0.2000 0.6221 1.0000 0.2000
0.6227 0.0000 0.2000 0.6227 1.0000 0.2000
0.6233 0.0000 0.2000 0.6233 1.0000 0.2000
0.6239 0.0000 0.2000 0.6239 1.0000 0.2000
0.6245 0.0000 0.2000 0.6245 1.0000 0.2000
0.6251 0.0000 0.2000 0.6251 1.0000 0.2000
0.6257 0.0000 0.2000 0.6257 1.0000 0.2000
0.6263 0.0000 0.2000 0.6263 1.0000 0.2000
0.6269 0.0000 0.2000 0.6269 1.0000 0.2000
0.6275 0.0000 0.2000 0.6275 1.0000 0.2000
0.6281 0.0000 0.2000 0.6281 1.0000 0.2000
0.6287 0.0000 0.2000 0.6287 1.0000 0.2000
0.6293 0.0000 0.2000 0.6293 1.0000 0.2000
0.6299 0.0000 0.2000 0.6299 1.0000 0.2000
0.6305 0.0000 0.2000 0.6305 1.0000 0.2000
0.6311 0.0000 0.2000 0.6311 1.0000 0.2000
0.6317 0.0000 0.2000 0.6317 1.0000 0.2000
0.6323 0.0000 0.2000 0.6323 1.0000 0.2000
0.6329 0.0000 0.2000 0.6329 1.0000 0.2000
0.6335 0.0000 0.2000 0.6335 1.0000 0.2000
0.6341 0.0000 0.2000 0.6341 1.0000 0.2000
0.6347 0.0000 0.2000 0.6347 1.0000 0.2000
0.6353 0.0000 0.2000 0.6353 1.0000 0.2000
0.6359 0.0000 0.2000 0.6359 1.0000 0.2000
0.6365 0.0000 0.2000 0.6365 1.0000 0.2000
0.6371 0.0000 0.2000 0.6371 1.0000 0.2000
0.6377 0.0000 0.2000 0.6377 1.0000 0.2000
0.6383 0.0000 0.2000 0.6383 1.0000 0.2000
0.6389 0.0000 0.2000 0.6389 1.0000 0.2000
0.6395 0.0000 0.2000 0.6395 1.0000 0.2000
0.6401 0.0000 0.2000 0.6401 1.0000 0.2000
0.6407 0.0000 0.2000 0.6407 1.0000 0.2000
0.6413 0.0000 0.2000 0.6413 1.0000 0.2000
0.6419 0.0000 0.2000 0.6419 1.0000 0.2000
0.6425 0.0000 0.2000 0.6425 1.0000 0.2000
0.6431 0.0000 0.2000 0.6431 1.0000 0.2000
0.6437 0.0000 0.2000 0.6437 1.0000 0.2000
0.6443 0.0000 0.2000 0.6443 1.0000 0.2000
0.6449 0.0000 0.2000 0.6449 1.0000 0.2000
0.6455 0.0000 0.2000 0.6455 1.0000 0.2000
0.6461 0.0000 0.2000 0.6461 1.0000 0.2000
0.6467 0.0000 0.2000 0.6467 1.0000 0.2000
0.6473 0.0000 0.2000 0.6473 1.0000 0.2000
0.6479 0.0000 0.2000 0.6479 1.0000 0.2000
0.6485 0.0000 0.2000 0.6485 1.0000 0.2000
0.6491 0.0000 0.2000 0.6491 1.0000 0.2000
0.6497 0.0000 0.2000 0.6497 1.0000 0.2000
0.6503 0.0000 0.2000 0.6503 1.0000 0.2000
0.6509 0.0000 0.2000 0.6509 1.0000 0.2000
0.6515 0.0000 0.2000 0.6515 1.0000 0.2000
0.6521 0.0000 0.2000 0.6521 1.0000 0.2000
0.6527 0.0000 0.2000 0.6527 1.0000 0.2000
0.6533 0.0000 0.2000 0.6533 1.0000 0.2000
0.6539 0.0000 0.2000 0.6539 1.0000 0.2000
0.6545 0.0000 0.2000 0.6545 1.0000 0.2000
0.6551 0.0000 0.2000 0.6551 1.0000 0.2000
0.6557 0.0000 0.2000 0.6557 1.0000 0.2000
0.6563 0.0000 0.2000 0.6563 1.0000 0.2000
0.6569 0.0000 0.2000 0.6569 1.0000 0.2000
0.6575 0.0000 0.2000 0.6575 1.0000 0.2000
0.6581 0.0000 0.2000 0.6581 1.0000 0.2000
0.6587 0.0000 0.2000 0.6587 1.0000 0.2000
0.6593 0.0000 0.2000 0.6593 1.0000 0.2000
0.6599 0.0000 0.2000 0.6599 1.0000 0.2000
0.6605 0.0000 0.2000 0.6605 1.0000 0.2000
0.6611 0.0000 0.2000 0.6611 1.0000 0.2000
0.6617 0.0000 0.2000 0.6617 1.0000 0.2000
0.6623 0.0000 0.2000 0.6623 1.0000 0.2000
0.6629 0.0000 0.2000 0.6629 1.0000 0.2000
0.6635 0.0000 0.2000 0.6635 1.0000 0.2000
0.6641 0.0000 0.2000 0.6641 1.0000 0.2000
0.6647 0.0000 0.2000 0.6647 1.0000 0.2000
0.6653 0.0000 0.2000 0.6653 1.0000 0.2000
0.6659 0.0000 0.2000 0.6659 1.0000 0.2000
0.6665 0.0000 0.2000 0.6665 1.0000 0.2000
0.6671 0.0000 0.2000 0.6671 1.0000 0.2000
0.6677 0.0000 0.2000 0.6677 1.0000 0.2000
0.6683 0.0000 0.2000 0.6683 1.0000 0.2000
0.6689 0.0000 0.2000 0.6689 1.0000 0.2000
0.6695 0.0000 0.2000 0.6695 1.0000 0.2000
0.6701 0.0000 0.2000 0.6701 1.0000 0.2000
0.6707 0.0000 0.2000 0.6707 1.0000 0.2000
0.6713 0.0000 0.2000 0.6713 1.0000 0.2000
0.6719 0.0000 0.2000 0.6719 1.0000 0.2000
0.6725 0.0000 0.2000 0.6725 1.0000 0.2000
0.6731 0.0000 0.2000 0.6731 1.0000 0.2000
0.6737 0.0000 0.2000 0.6737 1.0000 0.2000
0.6743 0.0000 0.2000 0.6743 1.0000 0.2000
0.6749 0.0000 0.2000 0.6749 1.0000 0.2000
0.6755 0.0000 0.2000 0.6755 1.0000 0.2000
0.6761 0.0000 0.2000 0.6761 1.0000 0.2000
0.6767 0.0000 0.2000 0.6767 1.0000 0.2000
0.6773 0.0000 0.2000 0.6773 1.0000 0.2000
0.6779 0.0000 0.2000 0.6779 1.0000 0.2000
0.6785 0.0000 0.2000 0.6785 1.0000 0.2000
0.6791 0.0000 0.2000 0.6791 1.0000 0.2000
0.6797 0.0000 0.2000 0.6797 1.0000 0.2000
0.6803 0.0000 0.2000 0.6803 1.0000 0.2000
0.6809 0.0000 0.2000 0.6809 1.0000 0.2000
0.6815 0.0000 0.2000 0.6815 1.0000 0.2000
0.6821 0.0000 0.2000 0.6821 1.0000 0.2000
0.6827 0.0000 0.2000 0.6827 1.0000 0.2000
0.6833 0.0000 0.2000 0.6833 1.0000 0.2000
0.6839 0.0000 0.2000 0.6839 1.0000 0.2000
0.6845 0.0000 0.2000 0.6845 1.0000 0.2000
0.6851 0.0000 0.2000 0.6851 1.0000 0.2000
0.6857 0.0000 0.2000 0.6857 1.0000 0.2000
0.6863 0.0000 0.2000 0.6863 1.0000 0.2000
0.6869 0.0000 0.2000 0.6869 1.0000 0.2000
0.6875 0.0000 0.2000 0.6875 1.0000 0.2000
0.6881 0.0000 0.2000 0.6881 1.0000 0.2000
0.6887 0.0000 0.2000 0.6887 1.0000 0.2000
0.6893 0.0000 0.2000 0.6893 1.0000 0.2000
0.6899 0.0000 0.2000 0.6899 1.0000 0.2000
0.6905 0.0000 0.2000 0.6905 1.0000 0.2000
0.6911 0.0000 0.2000 0.6911 1.0000 0.2000
0.6917 0.0000 0.2000 0.6917 1.0000 0.2000
0.6923 0.0000 0.2000 0.6923 1.0000 0.2000
0.6929 0.0000 0.2000 0.6929 1.0000 0.2000
0.6935 0.0000 0.2000 0.6935 1.0000 0.2000
0.6941 0.0000 0.2000 0.6941 1.0000 0.2000
0.6947 0.0000 0.2000 0.6947 1.0000 0.2000
0.6953 0.0000 0.2000 0.6953 1.0000 0.2000
0.6959 0.0000 0.2000 0.6959 1.0000 0.2000
0.6965 0.0000 0.2000 0.6965 1.0000 0.2000
0.6971 0.0000 0.2000 0.6971 1.0000 0.2000
0.6977 0.0000 0.2000 0.6977 1.0000 0.2000
0.6983 0.0000 0.2000 0.6983 1.0000 0.2000
0.6989 0.0000 0.2000 0.6989 1.0000 0.2000
0.6995 0.0000 0.2000 0.6995 1.0000 0.2000
0.7001 0.0000 0.2000 0.7001 1.0000 0.2000
0.7007 0.0000 0.2000 0.7007 1.0000 0.2000
0.7013 0.0000 0.2000 0.7013 1.0000 0.2000
0.7019 0.0000 0.2000 0.7019 1.0000 0.2000
0.7025 0.0000 0.2000 0.7025 1.0000 0.2000
0.7031 0.0000 0.2000 0.7031 1.0000 0.2000
0.7037 0.0000 0.2000 0.7037 1.0000 0.2000
0.7043 0.0000 0.2000 0.7043 1.0000 0.2000
0.7049 0.0000 0.2000 0.7049 1.0000 0.2000
0.7055 0.0000 0.2000 0.7055 1.0000 0.2000
0.7061 0.0000 0.2000 0.7061 1.0000 0.2000
0.7067 0.0000 0.2000 0.7067 1.0000 0.2000
0.7073 0.0000 0.2000 0.7073 1.0000 0.2000
0.7079 0.0000 0.2000 0.7079 1.0000 0.2000
0.7085 0.0000 0.2000 0.7085 1.0000 0.2000
0.7091 0.0000 0.2000 0.7091 1.0000 0.2000
0.7097 0.0000 0.2000 0.7097 1.0000 0.2000
0.7103 0.0000 0.2000 0.7103 1.0000 0.2000
0.7109 0.0000 0.2000 0.7109 1.0000 0.2000
0.7115 0.0000 0.2000 0.7115 1.0000 0.2000
0.7121 0.0000 0.2000 0.7121 1.0000 0.2000
0.7127 0.0000 0.2000 0.7127 1.0000 0.2000
0.7133 0.0000 0.2000 0.7133 1.0000 0.2000
0.7139 0.0000 0.2000 0.7139 1.0000 0.2000
0.7145 0.0000 0.2000 0.7145 1.0000 0.2000
0.7151 0.0000 0.2000 0.7151 1.0000 0.2000
0.7157 0.0000 0.2000 0.7157 1.0000 0.2000
0.7163 0.0000 0.2000 0.7163 1.0000 0.2000
0.7169 0.0000 0.2000 0.7169 1.0000 0.2000
0.7175 0.0000 0.2000 0.7175 1.0000 0.2000
0.7181 0.0000 0.2000 0.7181 1.0000 0.2000
0.7187 0.0000 0.2000 0.7187 1.0000 0.2000
0.7193 0.0000 0.2000 0.7193 1.0000 0.2000
0.7199 0.0000 0.2000 0.7199 1.0000 0.2000
0.7205 0.0000 0.2000 0.7205 1.0000 0.2000
0.7211 0.0000 0.2000 0.7211 1.0000 0.2000
0.7217 0.0000 0.2000 0.7217 1.0000 0.2000
0.7223 0.0000 0.2000 0.7223 1.0000 0.2000
0.7229 0.0000 0.2000 0.7229 1.0000 0.2000
0.7235 0.0000 0.2000 0.7235 1.0000 0.2000
0.7241 0.0000 0.2000 0.7241 1.0000 0.2000
0.7247 0.0000 0.2000 0.7247 1.0000 0.2000
0.7253 0.0000 0.2000 0.7253 1.0000 0.2000
0.7259 0.0000 0.2000 0.7259 1.0000 0.2000
0.7265 0.0000 0.2000 0.7265 1.0000 0.2000
0.7271 0.0000 0.2000 0.7271 1.0000 0.2000
0.7277 0.0000 0.2000 0.7277 1.0000 0.2000
0.7283 0.0000 0.2000 0.7283 1.0000 0.2000
0.7289 0.0000 0.2000 0.7289 1.0000 0.2000
0.7295 0.0000 0.2000 0.7295 1.0000 0.2000
0.7301 0.0000 0.2000 0.7301 1.0000 0.2000
0.7307 0.0000 0.2000 0.7307 1.0000 0.2000
0.7313 0.0000 0.2000 0.7313 1.0000 0.2000
0.7319 0.0000 0.2000 0.7319 1.0000 0.2000
0.7325 0.0000 0.2000 0.7325 1.0000 0.2000
0.7331 0.0000 0.2000 0.7331 1.0000 0.2000
0.7337 0.0000 0.2000 0.7337 1.0000 0.2000
0.7343 0.0000 0.2000 0.7343 1.0000 0.2000
0.7349 0.0000 0.2000 0.7349 1.0000 0.2000
0.7355 0.0000 0.2000 0.7355 1.0000 0.2000
0.7361 0.0000 0.2000 0.7361 1.0000 0.2000
0.7367 0.0000 0.2000 0.7367 1.0000 0.2000
0.7373 0.0000 0.2000 0.7373 1.0000 0.2000
0.7379 0.0000 0.2000 0.7379 1.0000 0.2000
0.7385 0.0000 0.2000 0.7385 1.0000 0.2000
0.7391 0.0000 0.2000 0.7391 1.0000 0.2000
0.7397 0.0000 0.2000 0.7397 1.0000 0.2000
0.7403 0.0000 0.2000 0.7403 1.0000 0.2000
0.7409 0.0000 0.2000 0.7409 1.0000 0.2000
0.7415 0.0000 0.2000 0.7415 1.0000 0.2000
0.7421 0.0000 0.2000 0.7421 1.0000 0.2000
0.7427 0.0000 0.2000 0.7427 1.0000 0.2000
0.7433 0.0000 0.2000 0.7433 1.0000 0.2000
0.7439 0.0000 0.2000 0.7439 1.0000 0.2000
0.7445 0.0000 0.2000 0.7445 1.0000 0.2000
0.7451 0.0000 0.2000 0.7451 1.0000 0.2000
0.7457 0.0000 0.2000 0.7457 1.0000 0.2000
0.7463 0.0000 0.2000 0.7463 1.0000 0.2000
0.7469 0.0000 0.2000 0.7469 1.0000 0.2000
0.7475 0.0000 0.2000 0.7475 1.0000 0.2000
0.7481 0.0000 0.2000 0.7481 1.0000 0.2000
0.7487 0.0000 0.2000 0.7487 1.0000 0.2000
0.7493 0.0000 0.2000 0.7493 1.0000 0.2000
0.7499 0.0000 0.2000 0.7499 1.0000 0.2000
0.7504 0.0000 0.2000 0.7504 1.0000 0.2000
0.7510 0.0000 0.2000 0.7510 1.0000 0.2000
0.7516 0.0000 0.2000 0.7516 1.0000 0.2000
0.7522 0.0000 0.2000 0.7522 1.0000 0.2000
0.7528 0.0000 0.2000 0.7528 1.0000 0.2000
0.7534 0.0000 0.2000 0.7534 1.0000 0.2000
0.7540 0.0000 0.2000 0.7540 1.0000 0.2000
0.7546 0.0000 0.2000 0.7546 1.0000 0.2000
0.7552 0.0000 0.2000 0.7552 1.0000 0.2000
0.7558 0.0000 0.2000 0.7558 1.0000 0.2000
0.7564 0.0000 0.2000 0.7564 1.0000 0.2000
0.7570 0.0000 0.2000 0.7570 1.0000 0.2000
0.7576 0.0000 0.2000 0.7576 1.0000 0.2000
0.7582 0.0000 0.2000 0.7582 1.0000 0.2000
0.7588 0.0000 0.2000 0.7588 1.0000 0.2000
0.7594 0.0000 0.2000 0.7594 1.0000 0.2000
0.7600 0.0000 0.2000 0.7600 1.0000 0.2000
0.7606 0.0000 0.2000 0.7606 1.0000 0.2000
0.7612 0.0000 0.2000 0.7612 1.0000 0.2000
0.7618 0.0000 0.2000 0.7618 1.0000 0.2000
0.7624 0.0000 0.2000 0.7624 1.0000 0.2000
0.7630 0.0000 0.2000 0.7630 1.0000 0.2000
0.7636 0.0000 0.2000 0.7636 1.0000 0.2000
0.7642 0.0000 0.2000 0.7642 1.0000 0.2000
0.7648 0.0000 0.2000 0.7648 1.0000 0.2000
0.7654 0.0000 0.2000 0.7654 1.0000 0.2000
0.7660 0.0000 0.2000 0.7660 1.0000 0.2000
0.7666 0.0000 0.2000 0.7666 1.0000 0.2000
0.7672 0.0000 0.2000 0.7672 1.0000 0.2000
0.7678 0.0000 0.2000 0.7678 1.0000 0.2000
0.7684 0.0000 0.2000 0.7684 1.0000 0.2000
0.7690 0.0000 0.2000 0.7690 1.0000 0.2000
0.7696 0.0000 0.2000 0.7696 1.0000 0.2000
0.7702 0.0000 0.2000 0.7702 1.0000 0.2000
0.7708 0.0000 0.2000 0.7708 1.0000 0.2000
0.7714 0.0000 0.2000 0.7714 1.0000 0.2000
0.7720 0.0000 0.2000 0.7720 1.0000 0.2000
0.7726 0.0000 0.2000 0.7726 1.0000 0.2000
0.7732 0.0000 0.2000 0.7732 1.0000 0.2000
0.7738 0.0000 0.2000 0.7738 1.0000 0.2000
0.7744 0.0000 0.2000 0.7744 1.0000 0.2000
0.7750 0.0000 0.2000 0.7750 1.0000 0.2000
0.7756 0.0000 0.2000 0.7756 1.0000 0.2000
0.7762 0.0000 0.2000 0.7762 1.0000 0.2000
0.7768 0.0000 0.2000 0.7768 1.0000 0.2000
0.7774 0.0000 0.2000 0.7774 1.0000 0.2000
0.7780 0.0000 0.2000 0.7780 1.0000 0.2000
0.7786 0.0000 0.2000 0.7786 1.0000 0.2000
0.7792 0.0000 0.2000 0.7792 1.0000 0.2000
0.7798 0.0000 0.2000 0.7798 1.0000 0.2000
0.7804 0.0000 0.2000 0.7804 1.0000 0.2000
0.7810 0.0000 0.2000 0.7810 1.0000 0.2000
0.7816 0.0000 0.2000 0.7816 1.0000 0.2000
0.7822 0.0000 0.2000 0.7822 1.0000 0.2000
0.7828 0.0000 0.2000 0.7828 1.0000 0.2000
0.7834 0.0000 0.2000 0.7834 1.0000 0.2000
0.7840 0.0000 0.2000 0.7840 1.0000 0.2000
0.7846 0.0000 0.2000 0.7846 1.0000 0.2000
0.7852 0.0000 0.2000 0.7852 1.0000 0.2000
0.7858 0.0000 0.2000 0.7858 1.0000 0.2000
0.7864 0.0000 0.2000 0.7864 1.0000 0.2000
0.7870 0.0000 0.2000 0.7870 1.0000 0.2000
0.7876 0.0000 0.2000 0.7876 1.0000 0.2000
0.7882 0.0000 0.2000 0.7882 1.0000 0.2000
0.7888 0.0000 0.2000 0.7888 1.0000 0.2000
0.7894 0.0000 0.2000 0.7894 1.0000 0.2000
0.7900 0.0000 0.2000 0.7900 1.0000 0.2000
0.7906 0.0000 0.2000 0.7906 1.0000 0.2000
0.7912 0.0000 0.2000 0.7912 1.0000 0.2000
0.7918 0.0000 0.2000 0.7918 1.0000 0.2000
0.7924 0.0000 0.2000 0.7924 1.0000 0.2000
0.7930 0.0000 0.2000 0.7930 1.0000 0.2000
0.7936 0.0000 0.2000 0.7936 1.0000 0.2000
0.7942 0.0000 0.2000 0.7942 1.0000 0.2000
0.7948 0.0000 0.2000 0.7948 1.0000 0.2000
0.7954 0.0000 0.2000 0.7954 1.0000 0.2000
0.7960 0.0000 0.2000 0.7960 1.0000 0.2000
0.7966 0.0000 0.2000 0.7966 1.0000 0.2000
0.7972 0.0000 0.2000 0.7972 1.0000 0.2000
0.7978 0.0000 0.2000 0.7978 1.0000 0.2000
0.7984 0.0000 0.2000 0.7984 1.0000 0.2000
0.7990 0.0000 0.2000 0.7990 1.0000 0.2000
0.7996 0.0000 0.2000 0.7996 1.0000 0.2000
0.8002 0.0000 0.2000 0.8002 1.0000 0.2000
0.8008 0.0000 0.2000 0.8008 1.0000 0.2000
0.8014 0.0000 0.2000 0.8014 1.0000 0.2000
0.8020 0.0000 0.2000 0.8020 1.0000 0.2000
0.8026 0.0000 0.2000 0.8026 1.0000 0.2000
0.8032 0.0000 0.2000 0.8032 1.0000 0.2000
0.8038 0.0000 0.2000 0.8038 1.0000 0.2000
0.8044 0.0000 0.2000 0.8044 1.0000 0.2000
0.8050 0.0000 0.2000 0.8050 1.0000 0.2000
0.8056 0.0000 0.2000 0.8056 1.0000 0.2000
0.8062 0.0000 0.2000 0.8062 1.0000 0.2000
0.8068 0.0000 0.2000 0.8068 1.0000 0.2000
0.8074 0.0000 0.2000 0.8074 1.0000 0.2000
0.8080 0.0000 0.2000 0.8080 1.0000 0.2000
0.8086 0.0000 0.2000 0.8086 1.0000 0.2000
0.8092 0.0000 0.2000 0.8092 1.0000 0.2000
0.8098 0.0000 0.2000 0.8098 1.0000 0.2000
0.8104 0.0000 0.2000 0.8104 1.0000 0.2000
0.8110 0.0000 0.2000 0.8110 1.0000 0.2000
0.8116 0.0000 0.2000 0.8116 1.0000 0.2000
0.8122 0.0000 0.2000 0.8122 1.0000 0.2000
0.8128 0.0000 0.2000 0.8128 1.0000 0.2000
0.8134 0.0000 0.2000 0.8134 1.0000 0.2000
0.8140 0.0000 0.2000 0.8140 1.0000 0.2000
0.8146 0.0000 0.2000 0.8146 1.0000 0.2000
0.8152 0.0000 0.2000 0.8152 1.0000 0.2000
0.8158 0.0000 0.2000 0.8158 1.0000 0.2000
0.8164 0.0000 0.2000 0.8164 1.0000 0.2000
0.8170 0.0000 0.2000 0.8170 1.0000 0.2000
0.8176 0.0000 0.2000 0.8176 1.0000 0.2000
0.8182 0.0000 0.2000 0.8182 1.0000 0.2000
0.8188 0.0000 0.2000 0.8188 1.0000 0.2000
0.8194 0.0000 0.2000 0.8194 1.0000 0.2000
0.8200 0.0000 0.2000 0.8200 1.0000 0.2000
0.8206 0.0000 0.2000 0.8206 1.0000 0.2000
0.8212 0.0000 0.2000 0.8212 1.0000 0.2000
0.8218 0.0000 0.2000 0.8218 1.0000 0.2000
0.8224 0.0000 0.2000 0.8224 1.0000 0.2000
0.8230 0.0000 0.2000 0.8230 1.0000 0.2000
0.8236 0.0000 0.2000 0.8236 1.0000 0.2000
0.8242 0.0000 0.2000 0.8242 1.0000 0.2000
0.8248 0.0000 0.2000 0.8248 1.0000 0.2000
0.8254 0.0000 0.2000 0.8254 1.0000 0.2000
0.8260 0.0000 0.2000 0.8260 1.0000 0.2000
0.8266 0.0000 0.2000 0.8266 1.0000 0.2000
0.8272 0.0000 0.2000 0.8272 1.0000 0.2000
0.8278 0.0000 0.2000 0.8278 1.0000 0.2000
0.8284 0.0000 0.2000 0.8284 1.0000 0.2000
0.8290 0.0000 0.2000 0.8290 1.0000 0.2000
0.8296 0.0000 0.2000 0.8296 1.0000 0.2000
0.8302 0.0000 0.2000 0.8302 1.0000 0.2000
0.8308 0.0000 0.2000 0.8308 1.0000 0.2000
0.8314 0.0000 0.2000 0.8314 1.0000 0.2000
0.8320 0.0000 0.2000 0.8320 1.0000 0.2000
0.8326 0.0000 0.2000 0.8326 1.0000 0.2000
0.8332 0.0000 0.2000 0.8332 1.0000 0.2000
0.8338 0.0000 0.2000 0.8338 1.0000 0.2000
0.8344 0.0000 0.2000 0.8344 1.0000 0.2000
0.8350 0.0000 0.2000 0.8350 1.0000 0.2000
0.8356 0.0000 0.2000 0.8356 1.0000 0.2000
0.8362 0.0000 0.2000 0.8362 1.0000 0.2000
0.8368 0.0000 0.2000 0.8368 1.0000 0.2000
0.8374 0.0000 0.2000 0.8374 1.0000 0.2000
0.8380 0.0000 0.2000 0.8380 1.0000 0.2000
0.8386 0.0000 0.2000 0.8386 1.0000 0.2000
0.8392 0.0000 0.2000 0.8392 1.0000 0.2000
0.8398 0.0000 0.2000 0.8398 1.0000 0.2000
0.8404 0.0000 0.2000 0.8404 1.0000 0.2000
0.8410 0.0000 0.2000 0.8410 1.0000 0.2000
0.8416 0.0000 0.2000 0.8416 1.0000 0.2000
0.8422 0.0000 0.2000 0.8422 1.0000 0.2000
0.8428 0.0000 0.2000 0.8428 1.0000 0.2000
0.8434 0.0000 0.2000 0.8434 1.0000 0.2000
0.8440 0.0000 0.2000 0.8440 1.0000 0.2000
0.8446 0.0000 0.2000 0.8446 1.0000 0.2000
0.8452 0.0000 0.2000 0.8452 1.0000 0.2000
0.8458 0.0000 0.2000 0.8458 1.0000 0.2000
0.8464 0.0000 0.2000 0.8464 1.0000 0.2000
0.8470 0.0000 0.2000 0.8470 1.0000 0.2000
0.8476 0.0000 0.2000 0.8476 1.0000 0.2000
0.8482 0.0000 0.2000 0.8482 1.0000 0.2000
0.8488 0.0000 0.2000 0.8488 1.0000 0.2000
0.8494 0.0000 0.2000 0.8494 1.0000 0.2000
0.8500 0.0000 0.2000 0.8500 1.0000 0.2000
0.8506 0.0000 0.2000 0.8506 1.0000 0.2000
0.8512 0.0000 0.2000 0.8512 1.0000 0.2000
0.8518 0.0000 0.2000 0.8518 1.0000 0.2000
0.8524 0.0000 0.2000 0.8524 1.0000 0.2000
0.8530 0.0000 0.2000 0.8530 1.0000 0.2000
0.8536 0.0000 0.2000 0.8536 1.0000 0.2000
0.8542 0.0000 0.2000 0.8542 1.0000 0.2000
0.8548 0.0000 0.2000 0.8548 1.0000 0.2000
0.8554 0.0000 0.2000 0.8554 1.0000 0.2000
0.8560 0.0000 0.2000 0.8560 1.0000 0.2000
0.8566 0.0000 0.2000 0.8566 1.0000 0.2000
0.8572 0.0000 0.2000 0.8572 1.0000 0.2000
0.8578 0.0000 0.2000 0.8578 1.0000 0.2000
0.8584 0.0000 0.2000 0.8584 1.0000 0.2000
0.8590 0.0000 0.2000 0.8590 1.0000 0.2000
0.8596 0.0000 0.2000 0.8596 1.0000 0.2000
0.8602 0.0000 0.2000 0.8602 1.0000 0.2000
0.8608 0.0000 0.2000 0.8608 1.0000 0.2000
0.8614 0.0000 0.2000 0.8614 1.0000 0.2000
0.8620 0.0000 0.2000 0.8620 1.0000 0.2000
0.8626 0.0000 0.2000 0.8626 1.0000 0.2000
0.8632 0.0000 0.2000 0.8632 1.0000 0.2000
0.8638 0.0000 0.2000 0.8638 1.0000 0.2000
0.8644 0.0000 0.2000 0.8644 1.0000 0.2000
0.8650 0.0000 0.2000 0.8650 1.0000 0.2000
0.8656 0.0000 0.2000 0.8656 1.0000 0.2000
0.8662 0.0000 0.2000 0.8662 1.0000 0.2000
0.8668 0.0000 0.2000 0.8668 1.0000 0.2000
0.8674 0.0000 0.2000 0.8674 1.0000 0.2000
0.8680 0.0000 0.2000 0.8680 1.0000 0.2000
0.8686 0.0000 0.2000 0.8686 1.0000 0.2000
0.8692 0.0000 0.2000 0.8692 1.0000 0.2000
0.8698 0.0000 0.2000 0.8698 1.0000 0.2000
0.8704 0.0000 0.2000 0.8704 1.0000 0.2000
0.8710 0.0000 0.2000 0.8710 1.0000 0.2000
0.8716 0.0000 0.2000 0.8716 1.0000 0.2000
0.8722 0.0000 0.2000 0.8722 1.0000 0.2000
0.8728 0.0000 0.2000 0.8728 1.0000 0.2000
0.8734 0.0000 0.2000 0.8734 1.0000 0.2000
0.8740 0.0000 0.2000 0.8740 1.0000 0.2000
0.8746 0.0000 0.2000 0.8746 1.0000 0.2000
0.8752 0.0000 0.2000 0.8752 1.0000 0.2000
0.8758 0.0000 0.2000 0.8758 1.0000 0.2000
0.8764 0.0000 0.2000 0.8764 1.0000 0.2000
0.8770 0.0000 0.2000 0.8770 1.0000 0.2000
0.8776 0.0000 0.2000 0.8776 1.0000 0.2000
0.8782 0.0000 0.2000 0.8782 1.0000 0.2000
0.8788 0.0000 0.2000 0.8788 1.0000 0.2000
0.8794 0.0000 0.2000 0.8794 1.0000 0.2000
0.8800 0.0000 0.2000 0.8800 1.0000 0.2000
0.8806 0.0000 0.2000 0.8806 1.0000 0.2000
0.8812 0.0000 0.2000 0.8812 1.0000 0.2000
0.8818 0.0000 0.2000 0.8818 1.0000 0.2000
0.8824 0.0000 0.2000 0.8824 1.0000 0.2000
0.8830 0.0000 0.2000 0.8830 1.0000 0.2000
0.8836 0.0000 0.2000 0.8836 1.0000 0.2000
0.8842 0.0000 0.2000 0.8842 1.0000 0.2000
0.8848 0.0000 0.2000 0.8848 1.0000 0.2000
0.8854 0.0000 0.2000 0.8854 1.0000 0.2000
0.8860 0.0000 0.2000 0.8860 1.0000 0.2000
0.8866 0.0000 0.2000 0.8866 1.0000 0.2000
0.8872 0.0000 0.2000 0.8872 1.0000 0.2000
0.8878 0.0000 0.2000 0.8878 1.0000 0.2000
0.8884 0.0000 0.2000 0.8884 1.0000 0.2000
0.8890 0.0000 0.2000 0.8890 1.0000 0.2000
0.8896 0.0000 0.2000 0.8896 1.0000 0.2000
0.8902 0.0000 0.2000 0.8902 1.0000 0.2000
0.8908 0.0000 0.2000 0.8908 1.0000 0.2000
0.8914 0.0000 0.2000 0.8914 1.0000 0.2000
0.8920 0.0000 0.2000 0.8920 1.0000 0.2000
0.8926 0.0000 0.2000 0.8926 1.0000 0.2000
0.8932 0.0000 0.2000 0.8932 1.0000 0.2000
0.8938 0.0000 0.2000 0.8938 1.0000 0.2000
0.8944 0.0000 0.2000 0.8944 1.0000 0.2000
0.8950 0.0000 0.2000 0.8950 1.0000 0.2000
0.8956 0.0000 0.2000 0.8956 1.0000 0.2000
0.8962 0.0000 0.2000 0.8962 1.0000 0.2000
0.8968 0.0000 0.2000 0.8968 1.0000 0.2000
0.8974 0.0000 0.2000 0.8974 1.0000 0.2000
0.8980 0.0000 0.2000 0.8980 1.0000 0.2000
0.8986 0.0000 0.2000 0.8986 1.0000 0.2000
0.8992 0.0000 0.2000 0.8992 1.0000 0.2000
0.8998 0.0000 0.2000 0.8998 1.0000 0.2000
0.9004 0.0000 0.2000 0.9004 1.0000 0.2000
0.9010 0.0000 0.2000 0.9010 1.0000 0.2000
0.9016 0.0000 0.2000 0.9016 1.0000 0.2000
0.9022 0.0000 0.2000 0.9022 1.0000 0.2000
0.9028 0.0000 0.2000 0.9028 1.0000 0.2000
0.9034 0.0000 0.2000 0.9034 1.0000 0.2000
0.9040 0.0000 0.2000 0.9040 1.0000 0.2000
0.9046 0.0000 0.2000 0.9046 1.0000 0.2000
0.9052 0.0000 0.2000 0.9052 1.0000 0.2000
0.9058 0.0000 0.2000 0.9058 1.0000 0.2000
0.9064 0.0000 0.2000 0.9064 1.0000 0.2000
0.9070 0.0000 0.2000 0.9070 1.0000 0.2000
0.9076 0.0000 0.2000 0.9076 1.0000 0.2000
0.9082 0.0000 0.2000 0.9082 1.0000 0.2000
0.9088 0.0000 0.2000 0.9088 1.0000 0.2000
0.9094 0.0000 0.2000 0.9094 1.0000 0.2000
0.9100 0.0000 0.2000 0.9100 1.0000 0.2000
0.9106 0.0000 0.2000 0.9106 1.0000 0.2000
0.9112 0.0000 0.2000 0.9112 1.0000 0.2000
0.9118 0.0000 0.2000 0.9118 1.0000 0.2000
0.9124 0.0000 0.2000 0.9124 1.0000 0.2000
0.9130 0.0000 0.2000 0.9130 1.0000 0.2000
0.9136 0.0000 0.2000 0.9136 1.0000 0.2000
0.9142 0.0000 0.2000 0.9142 1.0000 0.2000
0.9148 0.0000 0.2000 0.9148 1.0000 0.2000
0.9154 0.0000 0.2000 0.9154 1.0000 0.2000
0.9160 0.0000 0.2000 0.9160 1.0000 0.2000
0.9166 0.0000 0.2000 0.9166 1.0000 0.2000
0.9172 0.0000 0.2000 0.9172 1.0000 0.2000
0.9178 0.0000 0.2000 0.9178 1.0000 0.2000
0.9184 0.0000 0.2000 0.9184 1.0000 0.2000
0.9190 0.0000 0.2000 0.9190 1.0000 0.2000
0.9196 0.0000 0.2000 0.9196 1.0000 0.2000
0.9202 0.0000 0.2000 0.9202 1.0000 0.2000
0.9208 0.0000 0.2000 0.9208 1.0000 0.2000
0.9214 0.0000 0.2000 0.9214 1.0000 0.2000
0.9220 0.0000 0.2000 0.9220 1.0000 0.2000
0.9226 0.0000 0.2000 0.9226 1.0000 0.2000
0.9232 0.0000 0.2000 0.9232 1.0000 0.2000
0.9238 0.0000 0.2000 0.9238 1.0000 0.2000
0.9244 0.0000 0.2000 0.9244 1.0000 0.2000
0.9250 0.0000 0.2000 0.9250 1.0000 0.2000
0.9256 0.0000 0.2000 0.9256 1.0000 0.2000
0.9262 0.0000 0.2000 0.9262 1.0000 0.2000
0.9268 0.0000 0.2000 0.9268 1.0000 0.2000
0.9274 0.0000 0.2000 0.9274 1.0000 0.2000
0.9280 0.0000 0.2000 0.9280 1.0000 0.2000
0.9286 0.0000 0.2000 0.9286 1.0000 0.2000
0.9292 0.0000 0.2000 0.9292 1.0000 0.2000
0.9298 0.0000 0.2000 0.9298 1.0000 0.2000
0.9304 0.0000 0.2000 0.9304 1.0000 0.2000
0.9310 0.0000 0.2000 0.9310 1.0000 0.2000
0.9316 0.0000 0.2000 0.9316 1.0000 0.2000
0.9322 0.0000 0.2000 0.9322 1.0000 0.2000
0.9328 0.0000 0.2000 0.9328 1.0000 0.2000
0.9334 0.0000 0.2000 0.9334 1.0000 0.2000
0.9340 0.0000 0.2000 0.9340 1.0000 0.2000
0.9346 0.0000 0.2000 0.9346 1.0000 0.2000
0.9352 0.0000 0.2000 0.9352 1.0000 0.2000
0.9358 0.0000 0.2000 0.9358 1.0000 0.2000
0.9364 0.0000 0.2000 0.9364 1.0000 0.2000
0.9370 0.0000 0.2000 0.9370 1.0000 0.2000
0.9376 0.0000 0.2000 0.9376 1.0000 0.2000
0.9382 0.0000 0.2000 0.9382 1.0000 0.2000
0.9388 0.0000 0.2000 0.9388 1.0000 0.2000
0.9394 0.0000 0.2000 0.9394 1.0000 0.2000
0.9400 0.0000 0.2000 0.9400 1.0000 0.2000
0.9406 0.0000 0.2000 0.9406 1.0000 0.2000
0.9412 0.0000 0.2000 0.9412 1.0000 0.2000
0.9418 0.0000 0.2000 0.9418 1.0000 0.2000
0.9424 0.0000 0.2000 0.9424 1.0000 0.2000
0.9430 0.0000 0.2000 0.9430 1.0000 0.2000
0.9436 0.0000 0.2000 0.9436 1.0000 0.2000
0.9442 0.0000 0.2000 0.9442 1.0000 0.2000
0.9448 0.0000 0.2000 0.9448 1.0000 0.2000
0.9454 0.0000 0.2000 0.9454 1.0000 0.2000
0.9460 0.0000 0.2000 0.9460 1.0000 0.2000
0.9466 0.0000 0.2000 0.9466 1.0000 0.2000
0.9472 0.0000 0.2000 0.9472 1.0000 0.2000
0.9478 0.0000 0.2000 0.9478 1.0000 0.2000
0.9484 0.0000 0.2000 0.9484 1.0000 0.2000
0.9490 0.0000 0.2000 0.9490 1.0000 0.2000
0.9496 0.0000 0.2000 0.9496 1.0000 0.2000
0.9502 0.0000 0.2000 0.9502 1.0000 0.2000
0.9508 0.0000 0.2000 0.9508 1.0000 0.2000
0.9514 0.0000 0.2000 0.9514 1.0000 0.2000
0.9520 0.0000 0.2000 0.9520 1.0000 0.2000
0.9526 0.0000 0.2000 0.9526 1.0000 0.2000
0.9532 0.0000 0.2000 0.9532 1.0000 0.2000
0.9538 0.0000 0.2000 0.9538 1.0000 0.2000
0.9544 0.0000 0.2000 0.9544 1.0000 0.2000
0.9550 0.0000 0.2000 0.9550 1.0000 0.2000
0.9556 0.0000 0.2000 0.9556 1.0000 0.2000
0.9562 0.0000 0.2000 0.9562 1.0000 0.2000
0.9568 0.0000 0.2000 0.9568 1.0000 0.2000
0.9574 0.0000 0.2000 0.9574 1.0000 0.2000
0.9580 0.0000 0.2000 0.9580 1.0000 0.2000
0.9586 0.0000 0.2000 0.9586 1.0000 0.2000
0.9592 0.0000 0.2000 0.9592 1.0000 0.2000
0.9598 0.0000 0.2000 0.9598 1.0000 0.2000
0.9604 0.0000 0.2000 0.9604 1.0000 0.2000
0.9610 0.0000 0.2000 0.9610 1.0000 0.2000
0.9616 0.0000 0.2000 0.9616 1.0000 0.2000
0.9622 0.0000 0.2000 0.9622 1.0000 0.2000
0.9628 0.0000 0.2000 0.9628 1.0000 0.2000
0.9634 0.0000 0.2000 0.9634 1.0000 0.2000
0.9640 0.0000 0.2000 0.9640 1.0000 0.2000
0.9646 0.0000 0.2000 0.9646 1.0000 0.2000
0.9652 0.0000 0.2000 0.9652 1.0000 0.2000
0.9658 0.0000 0.2000 0.9658 1.0000 0.2000
0.9664 0.0000 0.2000 0.9664 1.0000 0.2000
0.9670 0.0000 0.2000 0.9670 1.0000 0.2000
0.9676 0.0000 0.2000 0.9676 1.0000 0.2000
0.9682 0.0000 0.2000 0.9682 1.0000 0.2000
0.9688 0.0000 0.2000 0.9688 1.0000 0.2000
0.9694 0.0000 0.2000 0.9694 1.0000 0.2000
0.9700 0.0000 0.2000 0.9700 1.0000 0.2000
0.9706 0.0000 0.2000 0.9706 1.0000 0.2000
0.9712 0.0000 0.2000 0.9712 1.0000 0.2000
0.9718 0.0000 0.2000 0.9718 1.0000 0.2000
0.9724 0.0000 0.2000 0.9724 1.0000 0.2000
0.9730 0.0000 0.2000 0.9730 1.0000 0.2000
0.9736 0.0000 0.2000 0.9736 1.0000 0.2000
0.9742 0.0000 0.2000 0.9742 1.0000 0.2000
0.9748 0.0000 0.2000 0.9748 1.0000 0.2000
0.9754 0.0000 0.2000 0.9754 1.0000 0.2000
0.9760 0.0000 0.2000 0.9760 1.0000 0.2000
0.9766 0.0000 0.2000 0.9766 1.0000 0.2000
0.9772 0.0000 0.2000 0.9772 1.0000 0.2000
0.9778 0.0000 0.2000 0.9778 1.0000 0.2000
0.9784 0.0000 0.2000 0.9784 1.0000 0.2000
0.9790 0.0000 0.2000 0.9790 1.0000 0.2000
0.9796 0.0000 0.2000 0.9796 1.0000 0.2000
0.9802 0.0000 0.2000 0.9802 1.0000 0.2000
0.9808 0.0000 0.2000 0.9808 1.0000 0.2000
0.9814 0.0000 0.2000 0.9814 1.0000 0.2000
0.9820 0.0000 0.2000 0.9820 1.0000 0.2000
0.9826 0.0000 0.2000 0.9826 1.0000 0.2000
0.9832 0.0000 0.2000 0.9832 1.0000 0.2000
0.9838 0.0000 0.2000 0.9838 1.0000 0.2000
0.9844 0.0000 0.2000 0.9844 1.0000 0.2000
0.9850 0.0000 0.2000 0.9850 1.0000 0.2000
0.9856 0.0000 0.2000 0.9856 1.0000 0.2000
0.9862 0.0000 0.2000 0.9862 1.0000 0.2000
0.9868 0.0000 0.2000 0.9868 1.0000 0.2000
0.9874 0.0000 0.2000 0.9874 1.0000 0.2000
0.9880 0.0000 0.2000 0.9880 1.0000 0.2000
0.9886 0.0000 0.2000 0.9886 1.0000 0.2000
0.9892 0.0000 0.2000 0.9892 1.0000 0.2000
0.9898 0.0000 0.2000 0.9898 1.0000 0.2000
0.9904 0.0000 0.2000 0.9904 1.0000 0.2000
0.9910 0.0000 0.2000 0.9910 1.0000 0.2000
0.9916 0.0000 0.2000 0.9916 1.0000 0.2000
0.9922 0.0000 0.2000 0.9922 1.0000 0.2000
0.9928 0.0000 0.2000 0.9928 1.0000 0.2000
0.9934 0.0000 0.2000 0.9934 1.0000 0.2000
0.9940 0.0000 0.2000 0.9940 1.0000 0.2000
0.9946 0.0000 0.2000 0.9946 1.0000 0.2000
0.9952 0.0000 0.2000 0.9952 1.0000 0.2000
0.9958 0.0000 0.2000 0.9958 1.0000 0.2000
0.9964 0.0000 0.2000 0.9964 1.0000 0.2000
0.9970 0.0000 0.2000 0.9970 1.0000 0.2000
0.9976 0.0000 0.2000 0.9976 1.0000 0.2000
0.9982 0.0000 0.2000 0.9982 1.0000 0.2000
0.9988 0.0000 0.2000 0.9988 1.0000 0.2000
0.9994 0.0000 0.2000 0.9994 1.0000 0.2000
1.0000 0.0000 0.2000 1.0000 1.0000 0.2000
1.0000 0.0000 0.2000 1.0000 1.0000 0.2000
1.0000 0.0000 0.2000 1.0000 1.0000 0.2000
1.0000 0.0000 0.2000 1.0000 1.0000 0.2000
1.0000 0.0000 0.2000 1.0000 1.0000 0.2000
1.0000 0.0000 0.2000 1.0000 1.0000 0.2000
1.0000 0.0000 0.2000 1.0000 1.0000 0.2000
1.0000 0.0000 0.2000 1.0000 1.0000 0.2000
1.0000 0.0000 0.2000 1.0000 1.0000 0.2000
1.0000 0.0000 0.2000 1.0000 1.0000 0.2000
1.0000 0.0000 0.2000 1.0000 1.0000 0.2000
1.0000 0.0000 0.2000 1.0000 1.0000 0.2000
1.0000 0.0000 0.2000 1.0000 1.0000 0.2000
1.0000 0.0000 0.2000 1.0000 1.0000 0.2000
1.0000 0.0000 0.2000 1.0000 1.0000 0.2000
1.0000 0.0000 0.2000 1.0000 1.0000 0.2000
1.0000 0.0000 0.2000 1.0000 1.0000 0.2000
1.0000 0.0000 0.2000 1.0000 1.0000 0.2000
1.0000 0.0000 0.2000 1.0000 1.0000 0.2000
1.0000 0.0000 0.2000 1.0000 1.0000 0.2000
1.0000 0.0000 0.2000 1.0000 1.0000 0.2000
1.0000 0.0000 0.2000 1.0000 1.0000 0.2000
1.0000 0.0000 0.2000 1.0000 1.0000 0.2000
1.0000 0.0000 0.2000 1.0000 1.0000 0.2000
1.0000 0.0000 0.2000 1.0000 1.0000 0.2000
1.0000 0.0000 0.2000 1.0000 1.0000 0.2000
1.0000 0.0000 0.2000 1.0000 1.0000 0.2000
1.0000 0.0000 0.2000 1.0000 1.0000 0.2000
1.0000 0.0000 0.2000 1.0000 1.0000 0.2000
1.0000 0.0000 0.2000 1.0000 1.0000 0.2000
1.0000 0.0000 0.2000 1.0000 1.0000 0.2000
1.0000 0.0000 0.2000 1.0000 1.0000 0.2000
1.0000 0.0000 0.2000 1.0000 1.0000 0.2000
1.0000 0.0000 0.2000 1.0000 1.0000 0.2000
1.0000 0.0000 0.2000 1.0000 1.0000 0.2000
1.0000 0.0000 0.2000 1.0000 1.0000 0.2000
1.0000 0.0000 0.2000 1.0000 1.0000 0.2000
1.0000 0.0000 0.2000 1.0000 1.0000 0.2000
1.0000 0.0000 0.2000 1.0000 1.0000 0.2000
1.0000 0.0000 0.2000 1.0000 1.0000 0.2000
1.0000 0.0000 0.2000 1.0000 1.0000 0.2000
1.0000 0.0000 0.2000 1.0000 1.0000 0.2000
1.0000 0.0000 0.2000 1.0000 1.0000 0.2000
1.0000 0.0000 0.2000 1.0000 1.0000 0.2000
1.0000 0.0000 0.2000 1.0000 1.0000 0.2000
1.0000 0.0000 0.2000 1.0000 1.0000 0.2000
1.0000 0.0000 0.2000 1.0000 1.0000 0.2000
1.0000 0.0000 0.2000 1.0000 1.0000 0.2000
1.0000 0.0000 0.2000 1.0000 1.0000 0.2000
1.0000 0.0000 0.2000 1.0000 1.0000 0.2000
1.0000 0.0000 0.2000 1.0000 1.0000 0.2000
1.0000 0.0000 0.2000 1.0000 1.0000 0.2000
1.0000 0.0000 0.2000 1.0000 1.0000 0.2000
1.0000 0.0000 0.2000 1.0000 1.0000 0.2000
1.0000 0.0000 0.2000 1.0000 1.0000 0.2000
1.0000 0.0000 0.2000 1.0000 1.0000 0.2000
1.0000 0.0000 0.2000 1.0000 1.0000 0.2000
1.0000 0.0000 0.2000 1.0000 1.0000 0.2000
1.0000 0.0000 0.2000 1.0000 1.0000 0.2000
1.0000 0.0000 0.2000 1.0000 1.0000 0.2000
1.0000 0.0000 0.2000 1.0000 1.0000 0.2000
1.0000 0.0000 0.2000 1.0000 1.0000 0.2000
1.0000 0.0000 0.2000 1.0000 1.0000 0.2000
1.0000 0.0000 0.2000 1.0000 1.0000 0.2000
1.0000 0.0000 0.2000 1.0000 1.0000 0.2000
1.0000 0.0000 0.2000 1.0000 1.0000 0.2000
1.0000 0.0000 0.2000 1.0000 1.0000 0.2000
1.0000 0.0000 0.2000 1.0000 1.0000 0.2000
1.0000 0.0000 0.2000 1.0000 1.0000 0.2000
1.0000 0.0000 0.2000 1.0000 1.0000 0.2000
1.0000 0.0000 0.2000 1.0000 1.0000 0.2000
1.0000 0.0000 0.2000 1.0000 1.0000 0.2000
1.0000 0.0000 0.2000 1.0000 1.0000 0.2000
1.0000 0.0000 0.2000 1.0000 1.0000 0.2000
1.0000 0.0000 0.2000 1.0000 1.0000 0.2000
1.0000 0.0000 0.2000 1.0000 1.0000 0.2000
1.0000 0.0000 0.2000 1.0000 1.0000 0.2000
1.0000 0.0000 0.2000 1.0000 1.0000 0.2000
1.0000 0.0000 0.2000 1.0000 1.0000 0.2000
1.0000 0.0000 0.2000 1.0000 1.0000 0.2000
1.0000 0.0000 0.2000 1.0000 1.0000 0.2000
1.0000 0.0000 0.2000 1.0000 1.0000 0.2000
1.0000 0.0000 0.2000 1.0000 1.0000 0.2000
1.0000 0.0000 0.2000 1.0000 1.0000 0.2000
1.0000 0.0000 0.2000 1.0000 1.0000 0.2000
1.0000 0.0000 0.2000 1.0000 1.0000 0.2000
1.0000 0.0000 0.2000 1.0000 1.0000 0.2000
1.0000 0.0000 0.2000 1.0000 1.0000 0.2000
1.0000 0.0000 0.2000 1.0000 1.0000 0.2000
1.0000 0.0000 0.2000 1.0000 1.0000 0.2000
1.0000 0.0000 0.2000 1.0000 1.0000 0.2000
1.0000 0.0000 0.2000 1.0000 1.0000 0.2000
1.0000 0.0000 0.2000 1.0000 1.0000 0.2000
1.0000 0.0000 0.2000 1.0000 1.0000 0.2000
1.0000 0.0000 0.2000 1.0000 1.0000 0.2000
1.0000 0.0000 0.2000 1.0000 1.0000 0.2000
1.0000 0.0000 0.2000 1.0000 1.0000 0.2000
1.0000 0.0000 0.2000 1.0000 1.0000 0.2000
1.0000 0.0000 0.2000 1.0000 1.0000 0.2000
1.0000 0.0000 0.2000 1.0000 1.0000 0.2000
1.0000 0.0000 0.2000 1.0000 1.0000 0.2000
1.0000 0.0000 0.2000 1.0000 1.0000 0.2000
1.0000 0.0000 0.2000 1.0000 1.0000 0.2000
1.0000 0.0000 0.2000 1.0000 1.0000 0.2000
1.0000 0.0000 0.2000 1.0000 1.0000 0.2000
1.0000 0.0000 0.2000 1.0000 1.0000 0.2000
1.0000 0.0000 0.2000 1.0000 1.0000 0.2000
1.0000 0.0000 0.2000 1.0000 1.0000 0.2000
1.0000 0.0000 0.2000 1.0000 1.0000 0.2000
1.0000 0.0000 0.2000 1.0000 1.0000 0.2000
1.0000 0.0000 0.2000 1.0000 1.0000 0.2000
1.0000 0.0000 0.2000 1.0000 1.0000 0.2000
1.0000 0.0000 0.2000 1.0000 1.0000 0.2000
1.0000 0.0000 0.2000 1.0000 1.0000 0.2000
1.0000 0.0000 0.2000 1.0000 1.0000 0.2000
1.0000 0.0000 0.2000 1.0000 1.0000 0.2000
1.0000 0.0000 0.2000 1.0000 1.0000 0.2000
1.0000 0.0000 0.2000 1.0000 1.0000 0.2000
1.0000 0.0000 0.2000 1.0000 1.0000 0.2000
1.0000 0.0000 0.2000 1.0000 1.0000 0.2000
1.0000 0.0000 0.2000 1.0000 1.0000 0.2000
1.0000 0.0000 0.2000 1.0000 1.0000 0.2000
1.0000 0.0000 0.2000 1.0000 1.0000 0.2000
1.0000 0.0000 0.2000 1.0000 1.0000 0.2000
1.0000 0.0000 0.2000 1.0000 1.0000 0.2000
1.0000 0.0000 0.2000 1.0000 1.0000 0.2000
1.0000 0.0000 0.2000 1.0000 1.0000 0.2000
1.0000 0.0000 0.2000 1.0000 1.0000 0.2000
1.0000 0.0000 0.2000 1.0000 1.0000 0.2000
1.0000 0.0000 0.2000 1.0000 1.0000 0.2000
1.0000 0.0000 0.2000 1.0000 1.0000 0.2000
1.0000 0.0000 0.2000 1.0000 1.0000 0.2000
1.0000 0.0000 0.2000 1.0000 1.0000 0.2000
1.0000 0.0000 0.2000 1.0000 1.0000 0.2000
1.0000 0.0000 0.2000 1.0000 1.0000 0.2000
1.0000 0.0000 0.2000 1.0000 1.0000 0.2000
